64
128
10000000000000000000000000000000000000000000000000000000000000000100110100000000000000000000000000000000000000000000000000000000
01000000000000000000000000000000000000000000000000000000000000001010011000000000000000000000000000000000000000000000000000000000
00100000000000000000000000000000000000000000000000000000000000000101001100000000000000000000000000000000000000000000000000000000
00010000000000000000000000000000000000000000000000000000000000001010100100000000000000000000000000000000000000000000000000000000
00001000000000000000000000000000000000000000000000000000000000001101010000000000000000000000000000000000000000000000000000000000
00000100000000000000000000000000000000000000000000000000000000000110101000000000000000000000000000000000000000000000000000000000
00000010000000000000000000000000000000000000000000000000000000000011010100000000000000000000000000000000000000000000000000000000
00000001000000000000000000000000000000000000000000000000000000001001101000000000000000000000000000000000000000000000000000000000
00000000100000000000000000000000000000000000000000000000000000000000000001001101000000000000000000000000000000000000000000000000
00000000010000000000000000000000000000000000000000000000000000000000000010100110000000000000000000000000000000000000000000000000
00000000001000000000000000000000000000000000000000000000000000000000000001010011000000000000000000000000000000000000000000000000
00000000000100000000000000000000000000000000000000000000000000000000000010101001000000000000000000000000000000000000000000000000
00000000000010000000000000000000000000000000000000000000000000000000000011010100000000000000000000000000000000000000000000000000
00000000000001000000000000000000000000000000000000000000000000000000000001101010000000000000000000000000000000000000000000000000
00000000000000100000000000000000000000000000000000000000000000000000000000110101000000000000000000000000000000000000000000000000
00000000000000010000000000000000000000000000000000000000000000000000000010011010000000000000000000000000000000000000000000000000
00000000000000001000000000000000000000000000000000000000000000000000000000000000010011010000000000000000000000000000000000000000
00000000000000000100000000000000000000000000000000000000000000000000000000000000101001100000000000000000000000000000000000000000
00000000000000000010000000000000000000000000000000000000000000000000000000000000010100110000000000000000000000000000000000000000
00000000000000000001000000000000000000000000000000000000000000000000000000000000101010010000000000000000000000000000000000000000
00000000000000000000100000000000000000000000000000000000000000000000000000000000110101000000000000000000000000000000000000000000
00000000000000000000010000000000000000000000000000000000000000000000000000000000011010100000000000000000000000000000000000000000
00000000000000000000001000000000000000000000000000000000000000000000000000000000001101010000000000000000000000000000000000000000
00000000000000000000000100000000000000000000000000000000000000000000000000000000100110100000000000000000000000000000000000000000
00000000000000000000000010000000000000000000000000000000000000000000000000000000000000000100110100000000000000000000000000000000
00000000000000000000000001000000000000000000000000000000000000000000000000000000000000001010011000000000000000000000000000000000
00000000000000000000000000100000000000000000000000000000000000000000000000000000000000000101001100000000000000000000000000000000
00000000000000000000000000010000000000000000000000000000000000000000000000000000000000001010100100000000000000000000000000000000
00000000000000000000000000001000000000000000000000000000000000000000000000000000000000001101010000000000000000000000000000000000
00000000000000000000000000000100000000000000000000000000000000000000000000000000000000000110101000000000000000000000000000000000
00000000000000000000000000000010000000000000000000000000000000000000000000000000000000000011010100000000000000000000000000000000
00000000000000000000000000000001000000000000000000000000000000000000000000000000000000001001101000000000000000000000000000000000
00000000000000000000000000000000100000000000000000000000000000000000000000000000000000000000000001001101000000000000000000000000
00000000000000000000000000000000010000000000000000000000000000000000000000000000000000000000000010100110000000000000000000000000
00000000000000000000000000000000001000000000000000000000000000000000000000000000000000000000000001010011000000000000000000000000
00000000000000000000000000000000000100000000000000000000000000000000000000000000000000000000000010101001000000000000000000000000
00000000000000000000000000000000000010000000000000000000000000000000000000000000000000000000000011010100000000000000000000000000
00000000000000000000000000000000000001000000000000000000000000000000000000000000000000000000000001101010000000000000000000000000
00000000000000000000000000000000000000100000000000000000000000000000000000000000000000000000000000110101000000000000000000000000
00000000000000000000000000000000000000010000000000000000000000000000000000000000000000000000000010011010000000000000000000000000
00000000000000000000000000000000000000001000000000000000000000000000000000000000000000000000000000000000010011010000000000000000
00000000000000000000000000000000000000000100000000000000000000000000000000000000000000000000000000000000101001100000000000000000
00000000000000000000000000000000000000000010000000000000000000000000000000000000000000000000000000000000010100110000000000000000
00000000000000000000000000000000000000000001000000000000000000000000000000000000000000000000000000000000101010010000000000000000
00000000000000000000000000000000000000000000100000000000000000000000000000000000000000000000000000000000110101000000000000000000
00000000000000000000000000000000000000000000010000000000000000000000000000000000000000000000000000000000011010100000000000000000
00000000000000000000000000000000000000000000001000000000000000000000000000000000000000000000000000000000001101010000000000000000
00000000000000000000000000000000000000000000000100000000000000000000000000000000000000000000000000000000100110100000000000000000
00000000000000000000000000000000000000000000000010000000000000000000000000000000000000000000000000000000000000000100110100000000
00000000000000000000000000000000000000000000000001000000000000000000000000000000000000000000000000000000000000001010011000000000
00000000000000000000000000000000000000000000000000100000000000000000000000000000000000000000000000000000000000000101001100000000
00000000000000000000000000000000000000000000000000010000000000000000000000000000000000000000000000000000000000001010100100000000
00000000000000000000000000000000000000000000000000001000000000000000000000000000000000000000000000000000000000001101010000000000
00000000000000000000000000000000000000000000000000000100000000000000000000000000000000000000000000000000000000000110101000000000
00000000000000000000000000000000000000000000000000000010000000000000000000000000000000000000000000000000000000000011010100000000
00000000000000000000000000000000000000000000000000000001000000000000000000000000000000000000000000000000000000001001101000000000
00000000000000000000000000000000000000000000000000000000100000000000000000000000000000000000000000000000000000000000000001001101
00000000000000000000000000000000000000000000000000000000010000000000000000000000000000000000000000000000000000000000000010100110
00000000000000000000000000000000000000000000000000000000001000000000000000000000000000000000000000000000000000000000000001010011
00000000000000000000000000000000000000000000000000000000000100000000000000000000000000000000000000000000000000000000000010101001
00000000000000000000000000000000000000000000000000000000000010000000000000000000000000000000000000000000000000000000000011010100
00000000000000000000000000000000000000000000000000000000000001000000000000000000000000000000000000000000000000000000000001101010
00000000000000000000000000000000000000000000000000000000000000100000000000000000000000000000000000000000000000000000000000110101
00000000000000000000000000000000000000000000000000000000000000010000000000000000000000000000000000000000000000000000000010011010