64
128
10000000000000000000000000000000000000000000000000000000000000001110001110100000000000000000000000000000000000000000000000000000
01000000000000000000000000000000000000000000000000000000000000001011000111010000000000000000000000000000000000000000000000000000
00100000000000000000000000000000000000000000000000000000000000000111101101000000000000000000000000000000000000000000000000000000
00010000000000000000000000000000000000000000000000000000000000000011110110100000000000000000000000000000000000000000000000000000
00001000000000000000000000000000000000000000000000000000000000000001111011010000000000000000000000000000000000000000000000000000
00000100000000000000000000000000000000000000000000000000000000001110110011000000000000000000000000000000000000000000000000000000
00000010000000000000000000000000000000000000000000000000000000001011011001100000000000000000000000000000000000000000000000000000
00000001000000000000000000000000000000000000000000000000000000001001101100110000000000000000000000000000000000000000000000000000
00000000100000000000000000000000000000000000000000000000000000000110111000110000000000000000000000000000000000000000000000000000
00000000010000000000000000000000000000000000000000000000000000001101010010110000000000000000000000000000000000000000000000000000
00000000001000000000000000000000000000000000000000000000000000000100100111110000000000000000000000000000000000000000000000000000
00000000000100000000000000000000000000000000000000000000000000001100011101010000000000000000000000000000000000000000000000000000
00000000000010000000000000000000000000000000000000000000000000000000000000001110001110100000000000000000000000000000000000000000
00000000000001000000000000000000000000000000000000000000000000000000000000001011000111010000000000000000000000000000000000000000
00000000000000100000000000000000000000000000000000000000000000000000000000000111101101000000000000000000000000000000000000000000
00000000000000010000000000000000000000000000000000000000000000000000000000000011110110100000000000000000000000000000000000000000
00000000000000001000000000000000000000000000000000000000000000000000000000000001111011010000000000000000000000000000000000000000
00000000000000000100000000000000000000000000000000000000000000000000000000001110110011000000000000000000000000000000000000000000
00000000000000000010000000000000000000000000000000000000000000000000000000001011011001100000000000000000000000000000000000000000
00000000000000000001000000000000000000000000000000000000000000000000000000001001101100110000000000000000000000000000000000000000
00000000000000000000100000000000000000000000000000000000000000000000000000000110111000110000000000000000000000000000000000000000
00000000000000000000010000000000000000000000000000000000000000000000000000001101010010110000000000000000000000000000000000000000
00000000000000000000001000000000000000000000000000000000000000000000000000000100100111110000000000000000000000000000000000000000
00000000000000000000000100000000000000000000000000000000000000000000000000001100011101010000000000000000000000000000000000000000
00000000000000000000000010000000000000000000000000000000000000000000000000000000000000001110001110100000000000000000000000000000
00000000000000000000000001000000000000000000000000000000000000000000000000000000000000001011000111010000000000000000000000000000
00000000000000000000000000100000000000000000000000000000000000000000000000000000000000000111101101000000000000000000000000000000
00000000000000000000000000010000000000000000000000000000000000000000000000000000000000000011110110100000000000000000000000000000
00000000000000000000000000001000000000000000000000000000000000000000000000000000000000000001111011010000000000000000000000000000
00000000000000000000000000000100000000000000000000000000000000000000000000000000000000001110110011000000000000000000000000000000
00000000000000000000000000000010000000000000000000000000000000000000000000000000000000001011011001100000000000000000000000000000
00000000000000000000000000000001000000000000000000000000000000000000000000000000000000001001101100110000000000000000000000000000
00000000000000000000000000000000100000000000000000000000000000000000000000000000000000000110111000110000000000000000000000000000
00000000000000000000000000000000010000000000000000000000000000000000000000000000000000001101010010110000000000000000000000000000
00000000000000000000000000000000001000000000000000000000000000000000000000000000000000000100100111110000000000000000000000000000
00000000000000000000000000000000000100000000000000000000000000000000000000000000000000001100011101010000000000000000000000000000
00000000000000000000000000000000000010000000000000000000000000000000000000000000000000000000000000001110001110100000000000000000
00000000000000000000000000000000000001000000000000000000000000000000000000000000000000000000000000001011000111010000000000000000
00000000000000000000000000000000000000100000000000000000000000000000000000000000000000000000000000000111101101000000000000000000
00000000000000000000000000000000000000010000000000000000000000000000000000000000000000000000000000000011110110100000000000000000
00000000000000000000000000000000000000001000000000000000000000000000000000000000000000000000000000000001111011010000000000000000
00000000000000000000000000000000000000000100000000000000000000000000000000000000000000000000000000001110110011000000000000000000
00000000000000000000000000000000000000000010000000000000000000000000000000000000000000000000000000001011011001100000000000000000
00000000000000000000000000000000000000000001000000000000000000000000000000000000000000000000000000001001101100110000000000000000
00000000000000000000000000000000000000000000100000000000000000000000000000000000000000000000000000000110111000110000000000000000
00000000000000000000000000000000000000000000010000000000000000000000000000000000000000000000000000001101010010110000000000000000
00000000000000000000000000000000000000000000001000000000000000000000000000000000000000000000000000000100100111110000000000000000
00000000000000000000000000000000000000000000000100000000000000000000000000000000000000000000000000001100011101010000000000000000
00000000000000000000000000000000000000000000000010000000000000000000000000000000000000000000000000000000000000001110001110100000
00000000000000000000000000000000000000000000000001000000000000000000000000000000000000000000000000000000000000001011000111010000
00000000000000000000000000000000000000000000000000100000000000000000000000000000000000000000000000000000000000000111101101000000
00000000000000000000000000000000000000000000000000010000000000000000000000000000000000000000000000000000000000000011110110100000
00000000000000000000000000000000000000000000000000001000000000000000000000000000000000000000000000000000000000000001111011010000
00000000000000000000000000000000000000000000000000000100000000000000000000000000000000000000000000000000000000001110110011000000
00000000000000000000000000000000000000000000000000000010000000000000000000000000000000000000000000000000000000001011011001100000
00000000000000000000000000000000000000000000000000000001000000000000000000000000000000000000000000000000000000001001101100110000
00000000000000000000000000000000000000000000000000000000100000000000000000000000000000000000000000000000000000000110111000110000
00000000000000000000000000000000000000000000000000000000010000000000000000000000000000000000000000000000000000001101010010110000
00000000000000000000000000000000000000000000000000000000001000000000000000000000000000000000000000000000000000000100100111110000
00000000000000000000000000000000000000000000000000000000000100000000000000000000000000000000000000000000000000001100011101010000
00000000000000000000000000000000000000000000000000000000000010000000000000000000000000000000000000000000000000000000000000001110
00000000000000000000000000000000000000000000000000000000000001000000000000000000000000000000000000000000000000000000000000001101
00000000000000000000000000000000000000000000000000000000000000100000000000000000000000000000000000000000000000000000000000001011
00000000000000000000000000000000000000000000000000000000000000010000000000000000000000000000000000000000000000000000000000000111