256
512
0
   (1,1)        1
   (2,1)        1
  (73,1)        1
 (177,1)        1
 (222,1)        1
   (2,2)        1
   (3,2)        1
  (74,2)        1
 (178,2)        1
 (223,2)        1
   (3,3)        1
   (4,3)        1
  (75,3)        1
 (179,3)        1
 (224,3)        1
   (4,4)        1
   (5,4)        1
  (76,4)        1
 (180,4)        1
 (225,4)        1
   (5,5)        1
   (6,5)        1
  (77,5)        1
 (181,5)        1
 (226,5)        1
   (6,6)        1
   (7,6)        1
  (78,6)        1
 (182,6)        1
 (227,6)        1
   (7,7)        1
   (8,7)        1
  (79,7)        1
 (183,7)        1
 (228,7)        1
   (8,8)        1
   (9,8)        1
  (80,8)        1
 (184,8)        1
 (229,8)        1
   (9,9)        1
  (10,9)        1
  (81,9)        1
 (185,9)        1
 (230,9)        1
  (10,10)       1
  (11,10)       1
  (82,10)       1
 (186,10)       1
 (231,10)       1
  (11,11)       1
  (12,11)       1
  (83,11)       1
 (187,11)       1
 (232,11)       1
  (12,12)       1
  (13,12)       1
  (84,12)       1
 (188,12)       1
 (233,12)       1
  (13,13)       1
  (14,13)       1
  (85,13)       1
 (189,13)       1
 (234,13)       1
  (14,14)       1
  (15,14)       1
  (86,14)       1
 (190,14)       1
 (235,14)       1
  (15,15)       1
  (16,15)       1
  (87,15)       1
 (191,15)       1
 (236,15)       1
  (16,16)       1
  (17,16)       1
  (88,16)       1
 (192,16)       1
 (237,16)       1
  (17,17)       1
  (18,17)       1
  (89,17)       1
 (129,17)       1
 (238,17)       1
  (18,18)       1
  (19,18)       1
  (90,18)       1
 (130,18)       1
 (239,18)       1
  (19,19)       1
  (20,19)       1
  (91,19)       1
 (131,19)       1
 (240,19)       1
  (20,20)       1
  (21,20)       1
  (92,20)       1
 (132,20)       1
 (241,20)       1
  (21,21)       1
  (22,21)       1
  (93,21)       1
 (133,21)       1
 (242,21)       1
  (22,22)       1
  (23,22)       1
  (94,22)       1
 (134,22)       1
 (243,22)       1
  (23,23)       1
  (24,23)       1
  (95,23)       1
 (135,23)       1
 (244,23)       1
  (24,24)       1
  (25,24)       1
  (96,24)       1
 (136,24)       1
 (245,24)       1
  (25,25)       1
  (26,25)       1
  (97,25)       1
 (137,25)       1
 (246,25)       1
  (26,26)       1
  (27,26)       1
  (98,26)       1
 (138,26)       1
 (247,26)       1
  (27,27)       1
  (28,27)       1
  (99,27)       1
 (139,27)       1
 (248,27)       1
  (28,28)       1
  (29,28)       1
 (100,28)       1
 (140,28)       1
 (249,28)       1
  (29,29)       1
  (30,29)       1
 (101,29)       1
 (141,29)       1
 (250,29)       1
  (30,30)       1
  (31,30)       1
 (102,30)       1
 (142,30)       1
 (251,30)       1
  (31,31)       1
  (32,31)       1
 (103,31)       1
 (143,31)       1
 (252,31)       1
  (32,32)       1
  (33,32)       1
 (104,32)       1
 (144,32)       1
 (253,32)       1
  (33,33)       1
  (34,33)       1
 (105,33)       1
 (145,33)       1
 (254,33)       1
  (34,34)       1
  (35,34)       1
 (106,34)       1
 (146,34)       1
 (255,34)       1
  (35,35)       1
  (36,35)       1
 (107,35)       1
 (147,35)       1
 (256,35)       1
  (36,36)       1
  (37,36)       1
 (108,36)       1
 (148,36)       1
 (193,36)       1
  (37,37)       1
  (38,37)       1
 (109,37)       1
 (149,37)       1
 (194,37)       1
  (38,38)       1
  (39,38)       1
 (110,38)       1
 (150,38)       1
 (195,38)       1
  (39,39)       1
  (40,39)       1
 (111,39)       1
 (151,39)       1
 (196,39)       1
  (40,40)       1
  (41,40)       1
 (112,40)       1
 (152,40)       1
 (197,40)       1
  (41,41)       1
  (42,41)       1
 (113,41)       1
 (153,41)       1
 (198,41)       1
  (42,42)       1
  (43,42)       1
 (114,42)       1
 (154,42)       1
 (199,42)       1
  (43,43)       1
  (44,43)       1
 (115,43)       1
 (155,43)       1
 (200,43)       1
  (44,44)       1
  (45,44)       1
 (116,44)       1
 (156,44)       1
 (201,44)       1
  (45,45)       1
  (46,45)       1
 (117,45)       1
 (157,45)       1
 (202,45)       1
  (46,46)       1
  (47,46)       1
 (118,46)       1
 (158,46)       1
 (203,46)       1
  (47,47)       1
  (48,47)       1
 (119,47)       1
 (159,47)       1
 (204,47)       1
  (48,48)       1
  (49,48)       1
 (120,48)       1
 (160,48)       1
 (205,48)       1
  (49,49)       1
  (50,49)       1
 (121,49)       1
 (161,49)       1
 (206,49)       1
  (50,50)       1
  (51,50)       1
 (122,50)       1
 (162,50)       1
 (207,50)       1
  (51,51)       1
  (52,51)       1
 (123,51)       1
 (163,51)       1
 (208,51)       1
  (52,52)       1
  (53,52)       1
 (124,52)       1
 (164,52)       1
 (209,52)       1
  (53,53)       1
  (54,53)       1
 (125,53)       1
 (165,53)       1
 (210,53)       1
  (54,54)       1
  (55,54)       1
 (126,54)       1
 (166,54)       1
 (211,54)       1
  (55,55)       1
  (56,55)       1
 (127,55)       1
 (167,55)       1
 (212,55)       1
  (56,56)       1
  (57,56)       1
 (128,56)       1
 (168,56)       1
 (213,56)       1
  (57,57)       1
  (58,57)       1
  (65,57)       1
 (169,57)       1
 (214,57)       1
  (58,58)       1
  (59,58)       1
  (66,58)       1
 (170,58)       1
 (215,58)       1
  (59,59)       1
  (60,59)       1
  (67,59)       1
 (171,59)       1
 (216,59)       1
  (60,60)       1
  (61,60)       1
  (68,60)       1
 (172,60)       1
 (217,60)       1
  (61,61)       1
  (62,61)       1
  (69,61)       1
 (173,61)       1
 (218,61)       1
  (62,62)       1
  (63,62)       1
  (70,62)       1
 (174,62)       1
 (219,62)       1
  (63,63)       1
  (64,63)       1
  (71,63)       1
 (175,63)       1
 (220,63)       1
   (1,64)       1
  (64,64)       1
  (72,64)       1
 (176,64)       1
 (221,64)       1
  (35,65)       1
  (65,65)       1
  (68,65)       1
 (129,65)       1
 (201,65)       1
  (36,66)       1
  (66,66)       1
  (69,66)       1
 (130,66)       1
 (202,66)       1
  (37,67)       1
  (67,67)       1
  (70,67)       1
 (131,67)       1
 (203,67)       1
  (38,68)       1
  (68,68)       1
  (71,68)       1
 (132,68)       1
 (204,68)       1
  (39,69)       1
  (69,69)       1
  (72,69)       1
 (133,69)       1
 (205,69)       1
  (40,70)       1
  (70,70)       1
  (73,70)       1
 (134,70)       1
 (206,70)       1
  (41,71)       1
  (71,71)       1
  (74,71)       1
 (135,71)       1
 (207,71)       1
  (42,72)       1
  (72,72)       1
  (75,72)       1
 (136,72)       1
 (208,72)       1
  (43,73)       1
  (73,73)       1
  (76,73)       1
 (137,73)       1
 (209,73)       1
  (44,74)       1
  (74,74)       1
  (77,74)       1
 (138,74)       1
 (210,74)       1
  (45,75)       1
  (75,75)       1
  (78,75)       1
 (139,75)       1
 (211,75)       1
  (46,76)       1
  (76,76)       1
  (79,76)       1
 (140,76)       1
 (212,76)       1
  (47,77)       1
  (77,77)       1
  (80,77)       1
 (141,77)       1
 (213,77)       1
  (48,78)       1
  (78,78)       1
  (81,78)       1
 (142,78)       1
 (214,78)       1
  (49,79)       1
  (79,79)       1
  (82,79)       1
 (143,79)       1
 (215,79)       1
  (50,80)       1
  (80,80)       1
  (83,80)       1
 (144,80)       1
 (216,80)       1
  (51,81)       1
  (81,81)       1
  (84,81)       1
 (145,81)       1
 (217,81)       1
  (52,82)       1
  (82,82)       1
  (85,82)       1
 (146,82)       1
 (218,82)       1
  (53,83)       1
  (83,83)       1
  (86,83)       1
 (147,83)       1
 (219,83)       1
  (54,84)       1
  (84,84)       1
  (87,84)       1
 (148,84)       1
 (220,84)       1
  (55,85)       1
  (85,85)       1
  (88,85)       1
 (149,85)       1
 (221,85)       1
  (56,86)       1
  (86,86)       1
  (89,86)       1
 (150,86)       1
 (222,86)       1
  (57,87)       1
  (87,87)       1
  (90,87)       1
 (151,87)       1
 (223,87)       1
  (58,88)       1
  (88,88)       1
  (91,88)       1
 (152,88)       1
 (224,88)       1
  (59,89)       1
  (89,89)       1
  (92,89)       1
 (153,89)       1
 (225,89)       1
  (60,90)       1
  (90,90)       1
  (93,90)       1
 (154,90)       1
 (226,90)       1
  (61,91)       1
  (91,91)       1
  (94,91)       1
 (155,91)       1
 (227,91)       1
  (62,92)       1
  (92,92)       1
  (95,92)       1
 (156,92)       1
 (228,92)       1
  (63,93)       1
  (93,93)       1
  (96,93)       1
 (157,93)       1
 (229,93)       1
  (64,94)       1
  (94,94)       1
  (97,94)       1
 (158,94)       1
 (230,94)       1
   (1,95)       1
  (95,95)       1
  (98,95)       1
 (159,95)       1
 (231,95)       1
   (2,96)       1
  (96,96)       1
  (99,96)       1
 (160,96)       1
 (232,96)       1
   (3,97)       1
  (97,97)       1
 (100,97)       1
 (161,97)       1
 (233,97)       1
   (4,98)       1
  (98,98)       1
 (101,98)       1
 (162,98)       1
 (234,98)       1
   (5,99)       1
  (99,99)       1
 (102,99)       1
 (163,99)       1
 (235,99)       1
   (6,100)      1
 (100,100)      1
 (103,100)      1
 (164,100)      1
 (236,100)      1
   (7,101)      1
 (101,101)      1
 (104,101)      1
 (165,101)      1
 (237,101)      1
   (8,102)      1
 (102,102)      1
 (105,102)      1
 (166,102)      1
 (238,102)      1
   (9,103)      1
 (103,103)      1
 (106,103)      1
 (167,103)      1
 (239,103)      1
  (10,104)      1
 (104,104)      1
 (107,104)      1
 (168,104)      1
 (240,104)      1
  (11,105)      1
 (105,105)      1
 (108,105)      1
 (169,105)      1
 (241,105)      1
  (12,106)      1
 (106,106)      1
 (109,106)      1
 (170,106)      1
 (242,106)      1
  (13,107)      1
 (107,107)      1
 (110,107)      1
 (171,107)      1
 (243,107)      1
  (14,108)      1
 (108,108)      1
 (111,108)      1
 (172,108)      1
 (244,108)      1
  (15,109)      1
 (109,109)      1
 (112,109)      1
 (173,109)      1
 (245,109)      1
  (16,110)      1
 (110,110)      1
 (113,110)      1
 (174,110)      1
 (246,110)      1
  (17,111)      1
 (111,111)      1
 (114,111)      1
 (175,111)      1
 (247,111)      1
  (18,112)      1
 (112,112)      1
 (115,112)      1
 (176,112)      1
 (248,112)      1
  (19,113)      1
 (113,113)      1
 (116,113)      1
 (177,113)      1
 (249,113)      1
  (20,114)      1
 (114,114)      1
 (117,114)      1
 (178,114)      1
 (250,114)      1
  (21,115)      1
 (115,115)      1
 (118,115)      1
 (179,115)      1
 (251,115)      1
  (22,116)      1
 (116,116)      1
 (119,116)      1
 (180,116)      1
 (252,116)      1
  (23,117)      1
 (117,117)      1
 (120,117)      1
 (181,117)      1
 (253,117)      1
  (24,118)      1
 (118,118)      1
 (121,118)      1
 (182,118)      1
 (254,118)      1
  (25,119)      1
 (119,119)      1
 (122,119)      1
 (183,119)      1
 (255,119)      1
  (26,120)      1
 (120,120)      1
 (123,120)      1
 (184,120)      1
 (256,120)      1
  (27,121)      1
 (121,121)      1
 (124,121)      1
 (185,121)      1
 (193,121)      1
  (28,122)      1
 (122,122)      1
 (125,122)      1
 (186,122)      1
 (194,122)      1
  (29,123)      1
 (123,123)      1
 (126,123)      1
 (187,123)      1
 (195,123)      1
  (30,124)      1
 (124,124)      1
 (127,124)      1
 (188,124)      1
 (196,124)      1
  (31,125)      1
 (125,125)      1
 (128,125)      1
 (189,125)      1
 (197,125)      1
  (32,126)      1
  (65,126)      1
 (126,126)      1
 (190,126)      1
 (198,126)      1
  (33,127)      1
  (66,127)      1
 (127,127)      1
 (191,127)      1
 (199,127)      1
  (34,128)      1
  (67,128)      1
 (128,128)      1
 (192,128)      1
 (200,128)      1
  (15,129)      1
  (79,129)      1
 (129,129)      1
 (138,129)      1
 (195,129)      1
  (16,130)      1
  (80,130)      1
 (130,130)      1
 (139,130)      1
 (196,130)      1
  (17,131)      1
  (81,131)      1
 (131,131)      1
 (140,131)      1
 (197,131)      1
  (18,132)      1
  (82,132)      1
 (132,132)      1
 (141,132)      1
 (198,132)      1
  (19,133)      1
  (83,133)      1
 (133,133)      1
 (142,133)      1
 (199,133)      1
  (20,134)      1
  (84,134)      1
 (134,134)      1
 (143,134)      1
 (200,134)      1
  (21,135)      1
  (85,135)      1
 (135,135)      1
 (144,135)      1
 (201,135)      1
  (22,136)      1
  (86,136)      1
 (136,136)      1
 (145,136)      1
 (202,136)      1
  (23,137)      1
  (87,137)      1
 (137,137)      1
 (146,137)      1
 (203,137)      1
  (24,138)      1
  (88,138)      1
 (138,138)      1
 (147,138)      1
 (204,138)      1
  (25,139)      1
  (89,139)      1
 (139,139)      1
 (148,139)      1
 (205,139)      1
  (26,140)      1
  (90,140)      1
 (140,140)      1
 (149,140)      1
 (206,140)      1
  (27,141)      1
  (91,141)      1
 (141,141)      1
 (150,141)      1
 (207,141)      1
  (28,142)      1
  (92,142)      1
 (142,142)      1
 (151,142)      1
 (208,142)      1
  (29,143)      1
  (93,143)      1
 (143,143)      1
 (152,143)      1
 (209,143)      1
  (30,144)      1
  (94,144)      1
 (144,144)      1
 (153,144)      1
 (210,144)      1
  (31,145)      1
  (95,145)      1
 (145,145)      1
 (154,145)      1
 (211,145)      1
  (32,146)      1
  (96,146)      1
 (146,146)      1
 (155,146)      1
 (212,146)      1
  (33,147)      1
  (97,147)      1
 (147,147)      1
 (156,147)      1
 (213,147)      1
  (34,148)      1
  (98,148)      1
 (148,148)      1
 (157,148)      1
 (214,148)      1
  (35,149)      1
  (99,149)      1
 (149,149)      1
 (158,149)      1
 (215,149)      1
  (36,150)      1
 (100,150)      1
 (150,150)      1
 (159,150)      1
 (216,150)      1
  (37,151)      1
 (101,151)      1
 (151,151)      1
 (160,151)      1
 (217,151)      1
  (38,152)      1
 (102,152)      1
 (152,152)      1
 (161,152)      1
 (218,152)      1
  (39,153)      1
 (103,153)      1
 (153,153)      1
 (162,153)      1
 (219,153)      1
  (40,154)      1
 (104,154)      1
 (154,154)      1
 (163,154)      1
 (220,154)      1
  (41,155)      1
 (105,155)      1
 (155,155)      1
 (164,155)      1
 (221,155)      1
  (42,156)      1
 (106,156)      1
 (156,156)      1
 (165,156)      1
 (222,156)      1
  (43,157)      1
 (107,157)      1
 (157,157)      1
 (166,157)      1
 (223,157)      1
  (44,158)      1
 (108,158)      1
 (158,158)      1
 (167,158)      1
 (224,158)      1
  (45,159)      1
 (109,159)      1
 (159,159)      1
 (168,159)      1
 (225,159)      1
  (46,160)      1
 (110,160)      1
 (160,160)      1
 (169,160)      1
 (226,160)      1
  (47,161)      1
 (111,161)      1
 (161,161)      1
 (170,161)      1
 (227,161)      1
  (48,162)      1
 (112,162)      1
 (162,162)      1
 (171,162)      1
 (228,162)      1
  (49,163)      1
 (113,163)      1
 (163,163)      1
 (172,163)      1
 (229,163)      1
  (50,164)      1
 (114,164)      1
 (164,164)      1
 (173,164)      1
 (230,164)      1
  (51,165)      1
 (115,165)      1
 (165,165)      1
 (174,165)      1
 (231,165)      1
  (52,166)      1
 (116,166)      1
 (166,166)      1
 (175,166)      1
 (232,166)      1
  (53,167)      1
 (117,167)      1
 (167,167)      1
 (176,167)      1
 (233,167)      1
  (54,168)      1
 (118,168)      1
 (168,168)      1
 (177,168)      1
 (234,168)      1
  (55,169)      1
 (119,169)      1
 (169,169)      1
 (178,169)      1
 (235,169)      1
  (56,170)      1
 (120,170)      1
 (170,170)      1
 (179,170)      1
 (236,170)      1
  (57,171)      1
 (121,171)      1
 (171,171)      1
 (180,171)      1
 (237,171)      1
  (58,172)      1
 (122,172)      1
 (172,172)      1
 (181,172)      1
 (238,172)      1
  (59,173)      1
 (123,173)      1
 (173,173)      1
 (182,173)      1
 (239,173)      1
  (60,174)      1
 (124,174)      1
 (174,174)      1
 (183,174)      1
 (240,174)      1
  (61,175)      1
 (125,175)      1
 (175,175)      1
 (184,175)      1
 (241,175)      1
  (62,176)      1
 (126,176)      1
 (176,176)      1
 (185,176)      1
 (242,176)      1
  (63,177)      1
 (127,177)      1
 (177,177)      1
 (186,177)      1
 (243,177)      1
  (64,178)      1
 (128,178)      1
 (178,178)      1
 (187,178)      1
 (244,178)      1
   (1,179)      1
  (65,179)      1
 (179,179)      1
 (188,179)      1
 (245,179)      1
   (2,180)      1
  (66,180)      1
 (180,180)      1
 (189,180)      1
 (246,180)      1
   (3,181)      1
  (67,181)      1
 (181,181)      1
 (190,181)      1
 (247,181)      1
   (4,182)      1
  (68,182)      1
 (182,182)      1
 (191,182)      1
 (248,182)      1
   (5,183)      1
  (69,183)      1
 (183,183)      1
 (192,183)      1
 (249,183)      1
   (6,184)      1
  (70,184)      1
 (129,184)      1
 (184,184)      1
 (250,184)      1
   (7,185)      1
  (71,185)      1
 (130,185)      1
 (185,185)      1
 (251,185)      1
   (8,186)      1
  (72,186)      1
 (131,186)      1
 (186,186)      1
 (252,186)      1
   (9,187)      1
  (73,187)      1
 (132,187)      1
 (187,187)      1
 (253,187)      1
  (10,188)      1
  (74,188)      1
 (133,188)      1
 (188,188)      1
 (254,188)      1
  (11,189)      1
  (75,189)      1
 (134,189)      1
 (189,189)      1
 (255,189)      1
  (12,190)      1
  (76,190)      1
 (135,190)      1
 (190,190)      1
 (256,190)      1
  (13,191)      1
  (77,191)      1
 (136,191)      1
 (191,191)      1
 (193,191)      1
  (14,192)      1
  (78,192)      1
 (137,192)      1
 (192,192)      1
 (194,192)      1
  (40,193)      1
 (106,193)      1
 (166,193)      1
 (193,193)      1
 (246,193)      1
  (41,194)      1
 (107,194)      1
 (167,194)      1
 (194,194)      1
 (247,194)      1
  (42,195)      1
 (108,195)      1
 (168,195)      1
 (195,195)      1
 (248,195)      1
  (43,196)      1
 (109,196)      1
 (169,196)      1
 (196,196)      1
 (249,196)      1
  (44,197)      1
 (110,197)      1
 (170,197)      1
 (197,197)      1
 (250,197)      1
  (45,198)      1
 (111,198)      1
 (171,198)      1
 (198,198)      1
 (251,198)      1
  (46,199)      1
 (112,199)      1
 (172,199)      1
 (199,199)      1
 (252,199)      1
  (47,200)      1
 (113,200)      1
 (173,200)      1
 (200,200)      1
 (253,200)      1
  (48,201)      1
 (114,201)      1
 (174,201)      1
 (201,201)      1
 (254,201)      1
  (49,202)      1
 (115,202)      1
 (175,202)      1
 (202,202)      1
 (255,202)      1
  (50,203)      1
 (116,203)      1
 (176,203)      1
 (203,203)      1
 (256,203)      1
  (51,204)      1
 (117,204)      1
 (177,204)      1
 (193,204)      1
 (204,204)      1
  (52,205)      1
 (118,205)      1
 (178,205)      1
 (194,205)      1
 (205,205)      1
  (53,206)      1
 (119,206)      1
 (179,206)      1
 (195,206)      1
 (206,206)      1
  (54,207)      1
 (120,207)      1
 (180,207)      1
 (196,207)      1
 (207,207)      1
  (55,208)      1
 (121,208)      1
 (181,208)      1
 (197,208)      1
 (208,208)      1
  (56,209)      1
 (122,209)      1
 (182,209)      1
 (198,209)      1
 (209,209)      1
  (57,210)      1
 (123,210)      1
 (183,210)      1
 (199,210)      1
 (210,210)      1
  (58,211)      1
 (124,211)      1
 (184,211)      1
 (200,211)      1
 (211,211)      1
  (59,212)      1
 (125,212)      1
 (185,212)      1
 (201,212)      1
 (212,212)      1
  (60,213)      1
 (126,213)      1
 (186,213)      1
 (202,213)      1
 (213,213)      1
  (61,214)      1
 (127,214)      1
 (187,214)      1
 (203,214)      1
 (214,214)      1
  (62,215)      1
 (128,215)      1
 (188,215)      1
 (204,215)      1
 (215,215)      1
  (63,216)      1
  (65,216)      1
 (189,216)      1
 (205,216)      1
 (216,216)      1
  (64,217)      1
  (66,217)      1
 (190,217)      1
 (206,217)      1
 (217,217)      1
   (1,218)      1
  (67,218)      1
 (191,218)      1
 (207,218)      1
 (218,218)      1
   (2,219)      1
  (68,219)      1
 (192,219)      1
 (208,219)      1
 (219,219)      1
   (3,220)      1
  (69,220)      1
 (129,220)      1
 (209,220)      1
 (220,220)      1
   (4,221)      1
  (70,221)      1
 (130,221)      1
 (210,221)      1
 (221,221)      1
   (5,222)      1
  (71,222)      1
 (131,222)      1
 (211,222)      1
 (222,222)      1
   (6,223)      1
  (72,223)      1
 (132,223)      1
 (212,223)      1
 (223,223)      1
   (7,224)      1
  (73,224)      1
 (133,224)      1
 (213,224)      1
 (224,224)      1
   (8,225)      1
  (74,225)      1
 (134,225)      1
 (214,225)      1
 (225,225)      1
   (9,226)      1
  (75,226)      1
 (135,226)      1
 (215,226)      1
 (226,226)      1
  (10,227)      1
  (76,227)      1
 (136,227)      1
 (216,227)      1
 (227,227)      1
  (11,228)      1
  (77,228)      1
 (137,228)      1
 (217,228)      1
 (228,228)      1
  (12,229)      1
  (78,229)      1
 (138,229)      1
 (218,229)      1
 (229,229)      1
  (13,230)      1
  (79,230)      1
 (139,230)      1
 (219,230)      1
 (230,230)      1
  (14,231)      1
  (80,231)      1
 (140,231)      1
 (220,231)      1
 (231,231)      1
  (15,232)      1
  (81,232)      1
 (141,232)      1
 (221,232)      1
 (232,232)      1
  (16,233)      1
  (82,233)      1
 (142,233)      1
 (222,233)      1
 (233,233)      1
  (17,234)      1
  (83,234)      1
 (143,234)      1
 (223,234)      1
 (234,234)      1
  (18,235)      1
  (84,235)      1
 (144,235)      1
 (224,235)      1
 (235,235)      1
  (19,236)      1
  (85,236)      1
 (145,236)      1
 (225,236)      1
 (236,236)      1
  (20,237)      1
  (86,237)      1
 (146,237)      1
 (226,237)      1
 (237,237)      1
  (21,238)      1
  (87,238)      1
 (147,238)      1
 (227,238)      1
 (238,238)      1
  (22,239)      1
  (88,239)      1
 (148,239)      1
 (228,239)      1
 (239,239)      1
  (23,240)      1
  (89,240)      1
 (149,240)      1
 (229,240)      1
 (240,240)      1
  (24,241)      1
  (90,241)      1
 (150,241)      1
 (230,241)      1
 (241,241)      1
  (25,242)      1
  (91,242)      1
 (151,242)      1
 (231,242)      1
 (242,242)      1
  (26,243)      1
  (92,243)      1
 (152,243)      1
 (232,243)      1
 (243,243)      1
  (27,244)      1
  (93,244)      1
 (153,244)      1
 (233,244)      1
 (244,244)      1
  (28,245)      1
  (94,245)      1
 (154,245)      1
 (234,245)      1
 (245,245)      1
  (29,246)      1
  (95,246)      1
 (155,246)      1
 (235,246)      1
 (246,246)      1
  (30,247)      1
  (96,247)      1
 (156,247)      1
 (236,247)      1
 (247,247)      1
  (31,248)      1
  (97,248)      1
 (157,248)      1
 (237,248)      1
 (248,248)      1
  (32,249)      1
  (98,249)      1
 (158,249)      1
 (238,249)      1
 (249,249)      1
  (33,250)      1
  (99,250)      1
 (159,250)      1
 (239,250)      1
 (250,250)      1
  (34,251)      1
 (100,251)      1
 (160,251)      1
 (240,251)      1
 (251,251)      1
  (35,252)      1
 (101,252)      1
 (161,252)      1
 (241,252)      1
 (252,252)      1
  (36,253)      1
 (102,253)      1
 (162,253)      1
 (242,253)      1
 (253,253)      1
  (37,254)      1
 (103,254)      1
 (163,254)      1
 (243,254)      1
 (254,254)      1
  (38,255)      1
 (104,255)      1
 (164,255)      1
 (244,255)      1
 (255,255)      1
  (39,256)      1
 (105,256)      1
 (165,256)      1
 (245,256)      1
 (256,256)      1
  (65,257)      1
 (137,257)      1
 (199,257)      1
  (66,258)      1
 (138,258)      1
 (200,258)      1
  (67,259)      1
 (139,259)      1
 (201,259)      1
  (68,260)      1
 (140,260)      1
 (202,260)      1
  (69,261)      1
 (141,261)      1
 (203,261)      1
  (70,262)      1
 (142,262)      1
 (204,262)      1
  (71,263)      1
 (143,263)      1
 (205,263)      1
  (72,264)      1
 (144,264)      1
 (206,264)      1
  (73,265)      1
 (145,265)      1
 (207,265)      1
  (74,266)      1
 (146,266)      1
 (208,266)      1
  (75,267)      1
 (147,267)      1
 (209,267)      1
  (76,268)      1
 (148,268)      1
 (210,268)      1
  (77,269)      1
 (149,269)      1
 (211,269)      1
  (78,270)      1
 (150,270)      1
 (212,270)      1
  (79,271)      1
 (151,271)      1
 (213,271)      1
  (80,272)      1
 (152,272)      1
 (214,272)      1
  (81,273)      1
 (153,273)      1
 (215,273)      1
  (82,274)      1
 (154,274)      1
 (216,274)      1
  (83,275)      1
 (155,275)      1
 (217,275)      1
  (84,276)      1
 (156,276)      1
 (218,276)      1
  (85,277)      1
 (157,277)      1
 (219,277)      1
  (86,278)      1
 (158,278)      1
 (220,278)      1
  (87,279)      1
 (159,279)      1
 (221,279)      1
  (88,280)      1
 (160,280)      1
 (222,280)      1
  (89,281)      1
 (161,281)      1
 (223,281)      1
  (90,282)      1
 (162,282)      1
 (224,282)      1
  (91,283)      1
 (163,283)      1
 (225,283)      1
  (92,284)      1
 (164,284)      1
 (226,284)      1
  (93,285)      1
 (165,285)      1
 (227,285)      1
  (94,286)      1
 (166,286)      1
 (228,286)      1
  (95,287)      1
 (167,287)      1
 (229,287)      1
  (96,288)      1
 (168,288)      1
 (230,288)      1
  (97,289)      1
 (169,289)      1
 (231,289)      1
  (98,290)      1
 (170,290)      1
 (232,290)      1
  (99,291)      1
 (171,291)      1
 (233,291)      1
 (100,292)      1
 (172,292)      1
 (234,292)      1
 (101,293)      1
 (173,293)      1
 (235,293)      1
 (102,294)      1
 (174,294)      1
 (236,294)      1
 (103,295)      1
 (175,295)      1
 (237,295)      1
 (104,296)      1
 (176,296)      1
 (238,296)      1
 (105,297)      1
 (177,297)      1
 (239,297)      1
 (106,298)      1
 (178,298)      1
 (240,298)      1
 (107,299)      1
 (179,299)      1
 (241,299)      1
 (108,300)      1
 (180,300)      1
 (242,300)      1
 (109,301)      1
 (181,301)      1
 (243,301)      1
 (110,302)      1
 (182,302)      1
 (244,302)      1
 (111,303)      1
 (183,303)      1
 (245,303)      1
 (112,304)      1
 (184,304)      1
 (246,304)      1
 (113,305)      1
 (185,305)      1
 (247,305)      1
 (114,306)      1
 (186,306)      1
 (248,306)      1
 (115,307)      1
 (187,307)      1
 (249,307)      1
 (116,308)      1
 (188,308)      1
 (250,308)      1
 (117,309)      1
 (189,309)      1
 (251,309)      1
 (118,310)      1
 (190,310)      1
 (252,310)      1
 (119,311)      1
 (191,311)      1
 (253,311)      1
 (120,312)      1
 (192,312)      1
 (254,312)      1
 (121,313)      1
 (129,313)      1
 (255,313)      1
 (122,314)      1
 (130,314)      1
 (256,314)      1
 (123,315)      1
 (131,315)      1
 (193,315)      1
 (124,316)      1
 (132,316)      1
 (194,316)      1
 (125,317)      1
 (133,317)      1
 (195,317)      1
 (126,318)      1
 (134,318)      1
 (196,318)      1
 (127,319)      1
 (135,319)      1
 (197,319)      1
 (128,320)      1
 (136,320)      1
 (198,320)      1
  (22,321)      1
 (129,321)      1
 (254,321)      1
  (23,322)      1
 (130,322)      1
 (255,322)      1
  (24,323)      1
 (131,323)      1
 (256,323)      1
  (25,324)      1
 (132,324)      1
 (193,324)      1
  (26,325)      1
 (133,325)      1
 (194,325)      1
  (27,326)      1
 (134,326)      1
 (195,326)      1
  (28,327)      1
 (135,327)      1
 (196,327)      1
  (29,328)      1
 (136,328)      1
 (197,328)      1
  (30,329)      1
 (137,329)      1
 (198,329)      1
  (31,330)      1
 (138,330)      1
 (199,330)      1
  (32,331)      1
 (139,331)      1
 (200,331)      1
  (33,332)      1
 (140,332)      1
 (201,332)      1
  (34,333)      1
 (141,333)      1
 (202,333)      1
  (35,334)      1
 (142,334)      1
 (203,334)      1
  (36,335)      1
 (143,335)      1
 (204,335)      1
  (37,336)      1
 (144,336)      1
 (205,336)      1
  (38,337)      1
 (145,337)      1
 (206,337)      1
  (39,338)      1
 (146,338)      1
 (207,338)      1
  (40,339)      1
 (147,339)      1
 (208,339)      1
  (41,340)      1
 (148,340)      1
 (209,340)      1
  (42,341)      1
 (149,341)      1
 (210,341)      1
  (43,342)      1
 (150,342)      1
 (211,342)      1
  (44,343)      1
 (151,343)      1
 (212,343)      1
  (45,344)      1
 (152,344)      1
 (213,344)      1
  (46,345)      1
 (153,345)      1
 (214,345)      1
  (47,346)      1
 (154,346)      1
 (215,346)      1
  (48,347)      1
 (155,347)      1
 (216,347)      1
  (49,348)      1
 (156,348)      1
 (217,348)      1
  (50,349)      1
 (157,349)      1
 (218,349)      1
  (51,350)      1
 (158,350)      1
 (219,350)      1
  (52,351)      1
 (159,351)      1
 (220,351)      1
  (53,352)      1
 (160,352)      1
 (221,352)      1
  (54,353)      1
 (161,353)      1
 (222,353)      1
  (55,354)      1
 (162,354)      1
 (223,354)      1
  (56,355)      1
 (163,355)      1
 (224,355)      1
  (57,356)      1
 (164,356)      1
 (225,356)      1
  (58,357)      1
 (165,357)      1
 (226,357)      1
  (59,358)      1
 (166,358)      1
 (227,358)      1
  (60,359)      1
 (167,359)      1
 (228,359)      1
  (61,360)      1
 (168,360)      1
 (229,360)      1
  (62,361)      1
 (169,361)      1
 (230,361)      1
  (63,362)      1
 (170,362)      1
 (231,362)      1
  (64,363)      1
 (171,363)      1
 (232,363)      1
   (1,364)      1
 (172,364)      1
 (233,364)      1
   (2,365)      1
 (173,365)      1
 (234,365)      1
   (3,366)      1
 (174,366)      1
 (235,366)      1
   (4,367)      1
 (175,367)      1
 (236,367)      1
   (5,368)      1
 (176,368)      1
 (237,368)      1
   (6,369)      1
 (177,369)      1
 (238,369)      1
   (7,370)      1
 (178,370)      1
 (239,370)      1
   (8,371)      1
 (179,371)      1
 (240,371)      1
   (9,372)      1
 (180,372)      1
 (241,372)      1
  (10,373)      1
 (181,373)      1
 (242,373)      1
  (11,374)      1
 (182,374)      1
 (243,374)      1
  (12,375)      1
 (183,375)      1
 (244,375)      1
  (13,376)      1
 (184,376)      1
 (245,376)      1
  (14,377)      1
 (185,377)      1
 (246,377)      1
  (15,378)      1
 (186,378)      1
 (247,378)      1
  (16,379)      1
 (187,379)      1
 (248,379)      1
  (17,380)      1
 (188,380)      1
 (249,380)      1
  (18,381)      1
 (189,381)      1
 (250,381)      1
  (19,382)      1
 (190,382)      1
 (251,382)      1
  (20,383)      1
 (191,383)      1
 (252,383)      1
  (21,384)      1
 (192,384)      1
 (253,384)      1
   (3,385)      1
  (92,385)      1
 (193,385)      1
   (4,386)      1
  (93,386)      1
 (194,386)      1
   (5,387)      1
  (94,387)      1
 (195,387)      1
   (6,388)      1
  (95,388)      1
 (196,388)      1
   (7,389)      1
  (96,389)      1
 (197,389)      1
   (8,390)      1
  (97,390)      1
 (198,390)      1
   (9,391)      1
  (98,391)      1
 (199,391)      1
  (10,392)      1
  (99,392)      1
 (200,392)      1
  (11,393)      1
 (100,393)      1
 (201,393)      1
  (12,394)      1
 (101,394)      1
 (202,394)      1
  (13,395)      1
 (102,395)      1
 (203,395)      1
  (14,396)      1
 (103,396)      1
 (204,396)      1
  (15,397)      1
 (104,397)      1
 (205,397)      1
  (16,398)      1
 (105,398)      1
 (206,398)      1
  (17,399)      1
 (106,399)      1
 (207,399)      1
  (18,400)      1
 (107,400)      1
 (208,400)      1
  (19,401)      1
 (108,401)      1
 (209,401)      1
  (20,402)      1
 (109,402)      1
 (210,402)      1
  (21,403)      1
 (110,403)      1
 (211,403)      1
  (22,404)      1
 (111,404)      1
 (212,404)      1
  (23,405)      1
 (112,405)      1
 (213,405)      1
  (24,406)      1
 (113,406)      1
 (214,406)      1
  (25,407)      1
 (114,407)      1
 (215,407)      1
  (26,408)      1
 (115,408)      1
 (216,408)      1
  (27,409)      1
 (116,409)      1
 (217,409)      1
  (28,410)      1
 (117,410)      1
 (218,410)      1
  (29,411)      1
 (118,411)      1
 (219,411)      1
  (30,412)      1
 (119,412)      1
 (220,412)      1
  (31,413)      1
 (120,413)      1
 (221,413)      1
  (32,414)      1
 (121,414)      1
 (222,414)      1
  (33,415)      1
 (122,415)      1
 (223,415)      1
  (34,416)      1
 (123,416)      1
 (224,416)      1
  (35,417)      1
 (124,417)      1
 (225,417)      1
  (36,418)      1
 (125,418)      1
 (226,418)      1
  (37,419)      1
 (126,419)      1
 (227,419)      1
  (38,420)      1
 (127,420)      1
 (228,420)      1
  (39,421)      1
 (128,421)      1
 (229,421)      1
  (40,422)      1
  (65,422)      1
 (230,422)      1
  (41,423)      1
  (66,423)      1
 (231,423)      1
  (42,424)      1
  (67,424)      1
 (232,424)      1
  (43,425)      1
  (68,425)      1
 (233,425)      1
  (44,426)      1
  (69,426)      1
 (234,426)      1
  (45,427)      1
  (70,427)      1
 (235,427)      1
  (46,428)      1
  (71,428)      1
 (236,428)      1
  (47,429)      1
  (72,429)      1
 (237,429)      1
  (48,430)      1
  (73,430)      1
 (238,430)      1
  (49,431)      1
  (74,431)      1
 (239,431)      1
  (50,432)      1
  (75,432)      1
 (240,432)      1
  (51,433)      1
  (76,433)      1
 (241,433)      1
  (52,434)      1
  (77,434)      1
 (242,434)      1
  (53,435)      1
  (78,435)      1
 (243,435)      1
  (54,436)      1
  (79,436)      1
 (244,436)      1
  (55,437)      1
  (80,437)      1
 (245,437)      1
  (56,438)      1
  (81,438)      1
 (246,438)      1
  (57,439)      1
  (82,439)      1
 (247,439)      1
  (58,440)      1
  (83,440)      1
 (248,440)      1
  (59,441)      1
  (84,441)      1
 (249,441)      1
  (60,442)      1
  (85,442)      1
 (250,442)      1
  (61,443)      1
  (86,443)      1
 (251,443)      1
  (62,444)      1
  (87,444)      1
 (252,444)      1
  (63,445)      1
  (88,445)      1
 (253,445)      1
  (64,446)      1
  (89,446)      1
 (254,446)      1
   (1,447)      1
  (90,447)      1
 (255,447)      1
   (2,448)      1
  (91,448)      1
 (256,448)      1
   (1,449)      1
 (103,449)      1
 (150,449)      1
   (2,450)      1
 (104,450)      1
 (151,450)      1
   (3,451)      1
 (105,451)      1
 (152,451)      1
   (4,452)      1
 (106,452)      1
 (153,452)      1
   (5,453)      1
 (107,453)      1
 (154,453)      1
   (6,454)      1
 (108,454)      1
 (155,454)      1
   (7,455)      1
 (109,455)      1
 (156,455)      1
   (8,456)      1
 (110,456)      1
 (157,456)      1
   (9,457)      1
 (111,457)      1
 (158,457)      1
  (10,458)      1
 (112,458)      1
 (159,458)      1
  (11,459)      1
 (113,459)      1
 (160,459)      1
  (12,460)      1
 (114,460)      1
 (161,460)      1
  (13,461)      1
 (115,461)      1
 (162,461)      1
  (14,462)      1
 (116,462)      1
 (163,462)      1
  (15,463)      1
 (117,463)      1
 (164,463)      1
  (16,464)      1
 (118,464)      1
 (165,464)      1
  (17,465)      1
 (119,465)      1
 (166,465)      1
  (18,466)      1
 (120,466)      1
 (167,466)      1
  (19,467)      1
 (121,467)      1
 (168,467)      1
  (20,468)      1
 (122,468)      1
 (169,468)      1
  (21,469)      1
 (123,469)      1
 (170,469)      1
  (22,470)      1
 (124,470)      1
 (171,470)      1
  (23,471)      1
 (125,471)      1
 (172,471)      1
  (24,472)      1
 (126,472)      1
 (173,472)      1
  (25,473)      1
 (127,473)      1
 (174,473)      1
  (26,474)      1
 (128,474)      1
 (175,474)      1
  (27,475)      1
  (65,475)      1
 (176,475)      1
  (28,476)      1
  (66,476)      1
 (177,476)      1
  (29,477)      1
  (67,477)      1
 (178,477)      1
  (30,478)      1
  (68,478)      1
 (179,478)      1
  (31,479)      1
  (69,479)      1
 (180,479)      1
  (32,480)      1
  (70,480)      1
 (181,480)      1
  (33,481)      1
  (71,481)      1
 (182,481)      1
  (34,482)      1
  (72,482)      1
 (183,482)      1
  (35,483)      1
  (73,483)      1
 (184,483)      1
  (36,484)      1
  (74,484)      1
 (185,484)      1
  (37,485)      1
  (75,485)      1
 (186,485)      1
  (38,486)      1
  (76,486)      1
 (187,486)      1
  (39,487)      1
  (77,487)      1
 (188,487)      1
  (40,488)      1
  (78,488)      1
 (189,488)      1
  (41,489)      1
  (79,489)      1
 (190,489)      1
  (42,490)      1
  (80,490)      1
 (191,490)      1
  (43,491)      1
  (81,491)      1
 (192,491)      1
  (44,492)      1
  (82,492)      1
 (129,492)      1
  (45,493)      1
  (83,493)      1
 (130,493)      1
  (46,494)      1
  (84,494)      1
 (131,494)      1
  (47,495)      1
  (85,495)      1
 (132,495)      1
  (48,496)      1
  (86,496)      1
 (133,496)      1
  (49,497)      1
  (87,497)      1
 (134,497)      1
  (50,498)      1
  (88,498)      1
 (135,498)      1
  (51,499)      1
  (89,499)      1
 (136,499)      1
  (52,500)      1
  (90,500)      1
 (137,500)      1
  (53,501)      1
  (91,501)      1
 (138,501)      1
  (54,502)      1
  (92,502)      1
 (139,502)      1
  (55,503)      1
  (93,503)      1
 (140,503)      1
  (56,504)      1
  (94,504)      1
 (141,504)      1
  (57,505)      1
  (95,505)      1
 (142,505)      1
  (58,506)      1
  (96,506)      1
 (143,506)      1
  (59,507)      1
  (97,507)      1
 (144,507)      1
  (60,508)      1
  (98,508)      1
 (145,508)      1
  (61,509)      1
  (99,509)      1
 (146,509)      1
  (62,510)      1
 (100,510)      1
 (147,510)      1
  (63,511)      1
 (101,511)      1
 (148,511)      1
  (64,512)      1
 (102,512)      1
 (149,512)      1