64
128
10000000000000000000000000000000000000000000000000000000000000001110000000000000000000000000000000000000000000000000000000000000
01000000000000000000000000000000000000000000000000000000000000001101000000000000000000000000000000000000000000000000000000000000
00100000000000000000000000000000000000000000000000000000000000001011000000000000000000000000000000000000000000000000000000000000
00010000000000000000000000000000000000000000000000000000000000000111000000000000000000000000000000000000000000000000000000000000
00001000000000000000000000000000000000000000000000000000000000000000111000000000000000000000000000000000000000000000000000000000
00000100000000000000000000000000000000000000000000000000000000000000110100000000000000000000000000000000000000000000000000000000
00000010000000000000000000000000000000000000000000000000000000000000101100000000000000000000000000000000000000000000000000000000
00000001000000000000000000000000000000000000000000000000000000000000011100000000000000000000000000000000000000000000000000000000
00000000100000000000000000000000000000000000000000000000000000000000000011100000000000000000000000000000000000000000000000000000
00000000010000000000000000000000000000000000000000000000000000000000000011010000000000000000000000000000000000000000000000000000
00000000001000000000000000000000000000000000000000000000000000000000000010110000000000000000000000000000000000000000000000000000
00000000000100000000000000000000000000000000000000000000000000000000000001110000000000000000000000000000000000000000000000000000
00000000000010000000000000000000000000000000000000000000000000000000000000001110000000000000000000000000000000000000000000000000
00000000000001000000000000000000000000000000000000000000000000000000000000001101000000000000000000000000000000000000000000000000
00000000000000100000000000000000000000000000000000000000000000000000000000001011000000000000000000000000000000000000000000000000
00000000000000010000000000000000000000000000000000000000000000000000000000000111000000000000000000000000000000000000000000000000
00000000000000001000000000000000000000000000000000000000000000000000000000000000111000000000000000000000000000000000000000000000
00000000000000000100000000000000000000000000000000000000000000000000000000000000110100000000000000000000000000000000000000000000
00000000000000000010000000000000000000000000000000000000000000000000000000000000101100000000000000000000000000000000000000000000
00000000000000000001000000000000000000000000000000000000000000000000000000000000011100000000000000000000000000000000000000000000
00000000000000000000100000000000000000000000000000000000000000000000000000000000000011100000000000000000000000000000000000000000
00000000000000000000010000000000000000000000000000000000000000000000000000000000000011010000000000000000000000000000000000000000
00000000000000000000001000000000000000000000000000000000000000000000000000000000000010110000000000000000000000000000000000000000
00000000000000000000000100000000000000000000000000000000000000000000000000000000000001110000000000000000000000000000000000000000
00000000000000000000000010000000000000000000000000000000000000000000000000000000000000001110000000000000000000000000000000000000
00000000000000000000000001000000000000000000000000000000000000000000000000000000000000001101000000000000000000000000000000000000
00000000000000000000000000100000000000000000000000000000000000000000000000000000000000001011000000000000000000000000000000000000
00000000000000000000000000010000000000000000000000000000000000000000000000000000000000000111000000000000000000000000000000000000
00000000000000000000000000001000000000000000000000000000000000000000000000000000000000000000111000000000000000000000000000000000
00000000000000000000000000000100000000000000000000000000000000000000000000000000000000000000110100000000000000000000000000000000
00000000000000000000000000000010000000000000000000000000000000000000000000000000000000000000101100000000000000000000000000000000
00000000000000000000000000000001000000000000000000000000000000000000000000000000000000000000011100000000000000000000000000000000
00000000000000000000000000000000100000000000000000000000000000000000000000000000000000000000000011100000000000000000000000000000
00000000000000000000000000000000010000000000000000000000000000000000000000000000000000000000000011010000000000000000000000000000
00000000000000000000000000000000001000000000000000000000000000000000000000000000000000000000000010110000000000000000000000000000
00000000000000000000000000000000000100000000000000000000000000000000000000000000000000000000000001110000000000000000000000000000
00000000000000000000000000000000000010000000000000000000000000000000000000000000000000000000000000001110000000000000000000000000
00000000000000000000000000000000000001000000000000000000000000000000000000000000000000000000000000001101000000000000000000000000
00000000000000000000000000000000000000100000000000000000000000000000000000000000000000000000000000001011000000000000000000000000
00000000000000000000000000000000000000010000000000000000000000000000000000000000000000000000000000000111000000000000000000000000
00000000000000000000000000000000000000001000000000000000000000000000000000000000000000000000000000000000111000000000000000000000
00000000000000000000000000000000000000000100000000000000000000000000000000000000000000000000000000000000110100000000000000000000
00000000000000000000000000000000000000000010000000000000000000000000000000000000000000000000000000000000101100000000000000000000
00000000000000000000000000000000000000000001000000000000000000000000000000000000000000000000000000000000011100000000000000000000
00000000000000000000000000000000000000000000100000000000000000000000000000000000000000000000000000000000000011100000000000000000
00000000000000000000000000000000000000000000010000000000000000000000000000000000000000000000000000000000000011010000000000000000
00000000000000000000000000000000000000000000001000000000000000000000000000000000000000000000000000000000000010110000000000000000
00000000000000000000000000000000000000000000000100000000000000000000000000000000000000000000000000000000000001110000000000000000
00000000000000000000000000000000000000000000000010000000000000000000000000000000000000000000000000000000000000001110000000000000
00000000000000000000000000000000000000000000000001000000000000000000000000000000000000000000000000000000000000001101000000000000
00000000000000000000000000000000000000000000000000100000000000000000000000000000000000000000000000000000000000001011000000000000
00000000000000000000000000000000000000000000000000010000000000000000000000000000000000000000000000000000000000000111000000000000
00000000000000000000000000000000000000000000000000001000000000000000000000000000000000000000000000000000000000000000111000000000
00000000000000000000000000000000000000000000000000000100000000000000000000000000000000000000000000000000000000000000110100000000
00000000000000000000000000000000000000000000000000000010000000000000000000000000000000000000000000000000000000000000101100000000
00000000000000000000000000000000000000000000000000000001000000000000000000000000000000000000000000000000000000000000011100000000
00000000000000000000000000000000000000000000000000000000100000000000000000000000000000000000000000000000000000000000000011100000
00000000000000000000000000000000000000000000000000000000010000000000000000000000000000000000000000000000000000000000000011010000
00000000000000000000000000000000000000000000000000000000001000000000000000000000000000000000000000000000000000000000000010110000
00000000000000000000000000000000000000000000000000000000000100000000000000000000000000000000000000000000000000000000000001110000
00000000000000000000000000000000000000000000000000000000000010000000000000000000000000000000000000000000000000000000000000001110
00000000000000000000000000000000000000000000000000000000000001000000000000000000000000000000000000000000000000000000000000001101
00000000000000000000000000000000000000000000000000000000000000100000000000000000000000000000000000000000000000000000000000001011
00000000000000000000000000000000000000000000000000000000000000010000000000000000000000000000000000000000000000000000000000000111

