48
96
100000000000000000000000000000000000000000000000000110011011100000111000100110101001111000111100
010000000000000000000000000000000000000000000000011101010000011001010000110101101100111001011010
001000000000000000000000000000000000000000000000001010011001101111111010111101110000011000100001
000100000000000000000000000000000000000000000000011110001000011000111100110010010110000100100011
000010000000000000000000000000000000000000000000010011010110011000011111000010100001001110000011
000001000000000000000000000000000000000000000000010101111110011001001100000010100011111100000110
000000100000000000000000000000000000000000000000111110000101010000001101010101000010101011111010
000000010000000000000000000000000000000000000000101001100111000110000011111101011010100100010100
000000001000000000000000000000000000000000000000110010110111011110110100101010011101111110000011
000000000100000000000000000000000000000000000000101100100110010111010110111100011011011011011110
000000000010000000000000000000000000000000000000000101101111110110100011101001011011100001100100
000000000001000000000000000000000000000000000000101111001101010011001111011100001011101000010100
000000000000100000000000000000000000000000000000001010011011011111011000001000110000101101001011
000000000000010000000000000000000000000000000000010110101001101110111100101011111010101011100110
000000000000001000000000000000000000000000000000010110111111100110110101101011101000101001110110
000000000000000100000000000000000000000000000000001111000101011011101010011111110010011101011011
000000000000000010000000000000000000000000000000000010100111111010110111110111011000000101011110
000000000000000001000000000000000000000000000000110010110111010001101101100000100000111101101110
000000000000000000100000000000000000000000000000100101010101111101111101100001111011110000110101
000000000000000000010000000000000000000000000000001011110100000001110000110000110110111000100101
000000000000000000001000000000000000000000000000011011111011000010100110011101010001100001111001
000000000000000000000100000000000000000000000000111101110011000101111110110101101111110011011000
000000000000000000000010000000000000000000000000101000101110000000000100110111001111000101011100
000000000000000000000001000000000000000000000000111011101010011011101000001010000011011001000011
000000000000000000000000100000000000000000000000011100010001000110111010001100111011100110110000
000000000000000000000000010000000000000000000000011001010100111011000111101101000000110110000101
000000000000000000000000001000000000000000000000010111010010101100111111100100111100001001110000
000000000000000000000000000100000000000000000000011100100110101001001111010110011010110001010101
000000000000000000000000000010000000000000000000110111000001000011000110101100010011110100101101
000000000000000000000000000001000000000000000000000100000100100010010111011001100100001111011101
000000000000000000000000000000100000000000000000111111111100100110111011010011110011001100101000
000000000000000000000000000000010000000000000000111010110001011111011100111111111111101000010111
000000000000000000000000000000001000000000000000001100100110001110110001111111011111010101111001
000000000000000000000000000000000100000000000000011010011011111000000100010100110111111100011111
000000000000000000000000000000000010000000000000100100011110101000001000000001100101010101100101
000000000000000000000000000000000001000000000000101000110110100011110011101110100110011000101001
000000000000000000000000000000000000100000000000001001010011111011000111011111101110111101110011
000000000000000000000000000000000000010000000000001100111011101101100110000100011011010111100001
000000000000000000000000000000000000001000000000101100110010000001100000110101000010010111010100
000000000000000000000000000000000000000100000000100000010001011001001110110111010010111001111011
000000000000000000000000000000000000000010000000101011000000110100110100001010100010100001011010
000000000000000000000000000000000000000001000000110011000101100001010001110101110011110111110000
000000000000000000000000000000000000000000100000110101100110111001100011011011001011100001110011
000000000000000000000000000000000000000000010000000001111011000010000110101111000110100010010110
000000000000000000000000000000000000000000001000000110100000110010111110001001101011011010101010
000000000000000000000000000000000000000000000100101001001101100001110101010101100000111010111110
000000000000000000000000000000000000000000000010100111111011011101010010000110111001110111111011
000000000000000000000000000000000000000000000001110100000000111110111001101010000001101010101011