40
120
100010001000100100010001000100100010001000100100010001000100100010001000100100010001000100100010001000100100010001000100
101000001010000101000001010000101000001010000101000001010000101000001010000101000001010000101000001010000101000001010000
101010100000000101010100000000101010100000000101010100000000101010100000000101010100000000101010100000000101010100000000
101010101010101000000000000000101010101010101000000000000000000000000000000000000000000000000000000000000000000000000000
101010101010101000000000000000101010101010101000000000000000101010101010101000000000000000101010101010101000000000000000
101010101010101101010101010101000000000000000000000000000000000000000000000000000000000000000000000000000000000000000000
101010101010101101010101010101000000000000000000000000000000101010101010101101010101010101000000000000000000000000000000
101010101010101101010101010101101010101010101101010101010101000000000000000000000000000000000000000000000000000000000000
101010101010101101010101010101101010101010101101010101010101101010101010101101010101010101101010101010101101010101010101
110000001100000110000001100000110000001100000110000001100000000000000000000000000000000000000000000000000000000000000000
110000001100000110000001100000110000001100000110000001100000110000001100000110000001100000110000001100000110000001100000
110011000000000000000000000000110011000000000000000000000000110011000000000000000000000000110011000000000000000000000000
110011000000000110011000000000000000000000000000000000000000110011000000000110011000000000000000000000000000000000000000
110011000000000110011000000000110011000000000110011000000000000000000000000000000000000000000000000000000000000000000000
110011000000000110011000000000110011000000000110011000000000110011000000000110011000000000110011000000000110011000000000
110011001100110000000000000000000000000000000000000000000000110011001100110000000000000000000000000000000000000000000000
110011001100110000000000000000110011001100110000000000000000000000000000000000000000000000000000000000000000000000000000
110011001100110000000000000000110011001100110000000000000000110011001100110000000000000000110011001100110000000000000000
110011001100110110011001100110000000000000000000000000000000000000000000000000000000000000000000000000000000000000000000
110011001100110110011001100110000000000000000000000000000000110011001100110110011001100110000000000000000000000000000000
110011001100110110011001100110110011001100110110011001100110000000000000000000000000000000000000000000000000000000000000
110011001100110110011001100110110011001100110110011001100110110011001100110110011001100110110011001100110110011001100110
111100000000000000000000000000111100000000000000000000000000111100000000000000000000000000111100000000000000000000000000
111100000000000111100000000000000000000000000000000000000000111100000000000111100000000000000000000000000000000000000000
111100000000000111100000000000111100000000000111100000000000000000000000000000000000000000000000000000000000000000000000
111100000000000111100000000000111100000000000111100000000000111100000000000111100000000000111100000000000111100000000000
111100001111000000000000000000000000000000000000000000000000111100001111000000000000000000000000000000000000000000000000
111100001111000000000000000000111100001111000000000000000000000000000000000000000000000000000000000000000000000000000000
111100001111000000000000000000111100001111000000000000000000111100001111000000000000000000111100001111000000000000000000
111100001111000111100001111000000000000000000000000000000000000000000000000000000000000000000000000000000000000000000000
111100001111000111100001111000000000000000000000000000000000111100001111000111100001111000000000000000000000000000000000
111100001111000111100001111000111100001111000111100001111000000000000000000000000000000000000000000000000000000000000000
111100001111000111100001111000111100001111000111100001111000111100001111000111100001111000111100001111000111100001111000
111111110000000000000000000000000000000000000000000000000000111111110000000000000000000000000000000000000000000000000000
111111110000000000000000000000111111110000000000000000000000000000000000000000000000000000000000000000000000000000000000
111111110000000000000000000000111111110000000000000000000000111111110000000000000000000000111111110000000000000000000000
111111110000000111111110000000000000000000000000000000000000000000000000000000000000000000000000000000000000000000000000
111111110000000111111110000000000000000000000000000000000000111111110000000111111110000000000000000000000000000000000000
111111110000000111111110000000111111110000000111111110000000000000000000000000000000000000000000000000000000000000000000
111111110000000111111110000000111111110000000111111110000000111111110000000111111110000000111111110000000111111110000000