64
192
000000000000000000000000000001000000000000010000000000000000000000000000000001000000000000000000000000000000000000010000000000000000000000000000001000000000000000000000000000001000000000000001
000000000000000000000000000000100000000000001000000000000000000000000000000000100000000000000000000000000000000000001000000000000000000000000000000100000000000000000000000000000100000000000000
000000000000000000000000000000010000000000000100000000000000000000000000000000010000000000000000000000000000000000000100000000000000000000000000000010000000000000000000000000000010000000000000
100000000000000000000000000000000000000000000010000000000000000000000000000000001000000000000000000000000000000000000010000000000000000000000000000001000000000000000000000000000001000000000000
010000000000000000000000000000000000000000000001000000000000000000000000000000000100000000000000000000000000000000000001000000000000000000000000000000100000000000000000000000000000100000000000
001000000000000000000000000000000000000000000000100000000000000000000000000000000010000000000000000000000000000000000000100000000000000000000000000000010000000000000000000000000000010000000000
000100000000000000000000000000000000000000000000010000000000000000000000000000000001000000000000000000000000000000000000010000000000000000000000000000001000000000000000000000000000001000000000
000010000000000000000000000000000000000000000000001000000000000000000000000000000000100000000000000000000000000000000000001000000000000000000000000000000100000000000000000000000000000100000000
000001000000000000000000000000000000000000000000000100000000000000000000000000000000010000000000000000000000000000000000000100000000000000000000000000000010000000000000000000000000000010000000
000000100000000000000000000000000000000000000000000010000000000000000000000000000000001000000000000000000000000000000000000010000000000000000000000000000001000000000000000000000000000001000000
000000010000000000000000000000000000000000000000000001000000000000000000000000000000000100000000000000000000000000000000000001000000000000000000000000000000100000000000000000000000000000100000
000000001000000000000000000000000000000000000000000000100000000000000000000000000000000010000000000000000000000000000000000000100000000000000000000000000000010000000000000000000000000000010000
000000000100000000000000000000000000000000000000000000010000000000000000000000000000000001000000000000000000000000000000000000010000000000000000000000000000001000000000000000000000000000001000
000000000010000000000000000000000000000000000000000000001000000000000000000000000000000000100000100000000000000000000000000000000000000000000000000000000000000100000000000000000000000000000100
000000000001000000000000000000000000000000000000000000000100000000000000000000000000000000010000010000000000000000000000000000001000000000000000000000000000000000000000000000000000000000000010
000000000000100000000000000000000000000000000000000000000010000000000000000000000000000000001000001000000000000000000000000000000100000000000000000000000000000000000000000000000000000000000001
000000000000010000000000000000000000000000000000000000000001000000000000000000000000000000000100000100000000000000000000000000000010000000000000000000000000000010000000000000000000000000000000
000000000000001000000000000000000000000000000000000000000000100000000000000000000000000000000010000010000000000000000000000000000001000000000000000000000000000001000000000000000000000000000000
000000000000000100000000000000000000000000000000000000000000010000000000000000000000000000000001000001000000000000000000000000000000100000000000000000000000000000100000000000000000000000000000
000000000000000010000000000000000000000000000000000000000000001010000000000000000000000000000000000000100000000000000000000000000000010000000000000000000000000000010000000000000000000000000000
000000000000000001000000000000000000000000000000000000000000000101000000000000000000000000000000000000010000000000000000000000000000001000000000000000000000000000001000000000000000000000000000
000000000000000000100000000000001000000000000000000000000000000000100000000000000000000000000000000000001000000000000000000000000000000100000000000000000000000000000100000000000000000000000000
000000000000000000010000000000000100000000000000000000000000000000010000000000000000000000000000000000000100000000000000000000000000000010000000000000000000000000000010000000000000000000000000
000000000000000000001000000000000010000000000000000000000000000000001000000000000000000000000000000000000010000000000000000000000000000001000000000000000000000000000001000000000000000000000000
000000000000000000000100000000000001000000000000000000000000000000000100000000000000000000000000000000000001000000000000000000000000000000100000000000000000000000000000100000000000000000000000
000000000000000000000010000000000000100000000000000000000000000000000010000000000000000000000000000000000000100000000000000000000000000000010000000000000000000000000000010000000000000000000000
000000000000000000000001000000000000010000000000000000000000000000000001000000000000000000000000000000000000010000000000000000000000000000001000000000000000000000000000001000000000000000000000
000000000000000000000000100000000000001000000000000000000000000000000000100000000000000000000000000000000000001000000000000000000000000000000100000000000000000000000000000100000000000000000000
000000000000000000000000010000000000000100000000000000000000000000000000010000000000000000000000000000000000000100000000000000000000000000000010000000000000000000000000000010000000000000000000
000000000000000000000000001000000000000010000000000000000000000000000000001000000000000000000000000000000000000010000000000000000000000000000001000000000000000000000000000001000000000000000000
000000000000000000000000000100000000000001000000000000000000000000000000000100000000000000000000000000000000000001000000000000000000000000000000100000000000000000000000000000100000000000000000
000000000000000000000000000010000000000000100000000000000000000000000000000010000000000000000000000000000000000000100000000000000000000000000000010000000000000000000000000000010000000000000000
000000000000000000000000000000100000000000000000000010000000000010000000000000000000000000000000000100000000000000000000000000000000000000000000000010000000000000000000000100000000000000000000
000000000000000000000000000000010000000000000000000001000000000001000000000000000000000000000000000010000000000000000000000000000000000000000000000001000000000000000000000010000000000000000000
100000000000000000000000000000000000000000000000000000100000000000100000000000000000000000000000000001000000000000000000000000000000000000000000000000100000000000000000000001000000000000000000
010000000000000000000000000000000000000000000000000000010000000000010000000000000000000000000000000000100000000000000000000000000000000000000000000000010000000000000000000000100000000000000000
001000000000000000000000000000000000000000000000000000001000000000001000000000000000000000000000000000010000000000000000000000000000000000000000000000001000000000000000000000010000000000000000
000100000000000000000000000000000000000000000000000000000100000000000100000000000000000000000000000000001000000000000000000000000000000000000000000000000100000000000000000000001000000000000000
000010000000000000000000000000000000000000000000000000000010000000000010000000000000000000000000000000000100000000000000000000000000000000000000000000000010000000000000000000000100000000000000
000001000000000000000000000000000000000000000000000000000001000000000001000000000000000000000000000000000010000000000000000000000000000000000000000000000001000000000000000000000010000000000000
000000100000000000000000000000000000000000000000000000000000100000000000100000000000000000000000000000000001000000000000000000000000000000000000000000000000100000000000000000000001000000000000
000000010000000000000000000000000000000000000000000000000000010000000000010000000000000000000000000000000000100000000000000000000000000000000000000000000000010000000000000000000000100000000000
000000001000000000000000000000000000000000000000000000000000001000000000001000000000000000000000000000000000010000000000000000000000000000000000000000000000001000000000000000000000010000000000
000000000100000000000000000000000000000000000000000000000000000100000000000100000000000000000000000000000000001000000000000000000000000000000000000000000000000100000000000000000000001000000000
000000000010000000000000000000001000000000000000000000000000000000000000000010000000000000000000000000000000000100000000000000001000000000000000000000000000000000000000000000000000000100000000
000000000001000000000000000000000100000000000000000000000000000000000000000001000000000000000000000000000000000010000000000000000100000000000000000000000000000000000000000000000000000010000000
000000000000100000000000000000000010000000000000000000000000000000000000000000100000000000000000000000000000000001000000000000000010000000000000000000000000000000000000000000000000000001000000
000000000000010000000000000000000001000000000000000000000000000000000000000000010000000000000000000000000000000000100000000000000001000000000000000000000000000000000000000000000000000000100000
000000000000001000000000000000000000100000000000000000000000000000000000000000001000000000000000000000000000000000010000000000000000100000000000000000000000000000000000000000000000000000010000
000000000000000100000000000000000000010000000000000000000000000000000000000000000100000000000000000000000000000000001000000000000000010000000000000000000000000000000000000000000000000000001000
000000000000000010000000000000000000001000000000000000000000000000000000000000000010000000000000000000000000000000000100000000000000001000000000000000000000000000000000000000000000000000000100
000000000000000001000000000000000000000100000000000000000000000000000000000000000001000000000000000000000000000000000010000000000000000100000000000000000000000000000000000000000000000000000010
000000000000000000100000000000000000000010000000000000000000000000000000000000000000100000000000000000000000000000000001000000000000000010000000000000000000000000000000000000000000000000000001
000000000000000000010000000000000000000001000000000000000000000000000000000000000000010000000000000000000000000000000000100000000000000001000000000000000000000010000000000000000000000000000000
000000000000000000001000000000000000000000100000000000000000000000000000000000000000001000000000000000000000000000000000010000000000000000100000000000000000000001000000000000000000000000000000
000000000000000000000100000000000000000000010000000000000000000000000000000000000000000100000000000000000000000000000000001000000000000000010000000000000000000000100000000000000000000000000000
000000000000000000000010000000000000000000001000000000000000000000000000000000000000000010000000000000000000000000000000000100000000000000001000000000000000000000010000000000000000000000000000
000000000000000000000001000000000000000000000100000000000000000000000000000000000000000001000000000000000000000000000000000010000000000000000100000000000000000000001000000000000000000000000000
000000000000000000000000100000000000000000000010000000000000000000000000000000000000000000100000000000000000000000000000000001000000000000000010000000000000000000000100000000000000000000000000
000000000000000000000000010000000000000000000001000000000000000000000000000000000000000000010000000000000000000000000000000000100000000000000001000000000000000000000010000000000000000000000000
000000000000000000000000001000000000000000000000100000000000000000000000000000000000000000001000000000000000000000000000000000010000000000000000100000000000000000000001000000000000000000000000
000000000000000000000000000100000000000000000000010000000000000000000000000000000000000000000100100000000000000000000000000000000000000000000000010000000000000000000000100000000000000000000000
000000000000000000000000000010000000000000000000001000000000000000000000000000000000000000000010010000000000000000000000000000000000000000000000001000000000000000000000010000000000000000000000
000000000000000000000000000001000000000000000000000100000000000000000000000000000000000000000001001000000000000000000000000000000000000000000000000100000000000000000000001000000000000000000000
