63
189
000000000000000000001000000010000000000000001000000000000000000000000000000000010000000000000000001000000000000000100000000000000000100000000000000000000000000000000100000000000001000000000
100000000000000000000000000001000000000000000100000000000000000000000000000000001000000000000000000100000000000000010000000000000000010000000000000000000000000000000010000000000000100000000
010000000000000000000000000000100000000000000010000000000000000000000000000000000100000000000000000010000000000000001000000000000000001000000000000000000000000000000001000000000000010000000
001000000000000000000000000000010000000000000001000000000000000000000000000000000010000000000000000001000000000000000100000000000000000100000000000100000000000000000000000000000000001000000
000100000000000000000000000000001000000000000000100000000000000000000000000000000001000000000000000000100000000000000010000000000000000010000000000010000000000000000000000000000000000100000
000010000000000000000000000000000100000000000000010000000000000100000000000000000000000000000000000000010000000000000001000000000000000001000000000001000000000000000000000000000000000010000
000001000000000000000000000000000010000000000000001000000000000010000000000000000000000000000000000000001000000000000000100000000000000000100000000000100000000000000000000000000000000001000
000000100000000000000000000000000001000000000000000100000000000001000000000000000000100000000000000000000000000000000000010000000000000000010000000000010000000000000000000000000000000000100
000000010000000000000000000000000000100000000000000010000000000000100000000000000000010000000000000000000000000000000000001000000000000000001000000000001000000000000000000000000000000000010
000000001000000000000000000000000000010000000000000001000000000000010000000000000000001000000000000000000000000000000000000100000000000000000100000000000100000000000000000000000000000000001
000000000100000000000000000000000000001000000000000000100000000000001000000000000000000100000000000000000000000000000000000010000000000000000010000000000010000000000000100000000000000000000
000000000010000000000000000000000000000100000000000000010000000000000100000000000000000010000000000000000000000000000000000001000000000000000001000000000001000000000000010000000000000000000
000000000001000000000000000000000000000010000000000000001000000000000010000000000000000001000000000000000100000000000000000000000000000000000000100000000000100000000000001000000000000000000
000000000000100000000000000000000000000001000000000000000100000000000001000000000000000000100000000000000010000000000000000000000000000000000000010000000000010000000000000100000000000000000
000000000000010000000100000000000000000000000000000000000010000000000000100000000000000000010000000000000001000000000000000000000000000000000000001000000000001000000000000010000000000000000
000000000000001000000010000000000000000000000000000000000001000000000000010000000000000000001000000000000000100000000000000000100000000000000000000000000000000100000000000001000000000000000
000000000000000100000001000000000000000000000000000000000000100000000000001000000000000000000100000000000000010000000000000000010000000000000000000000000000000010000000000000100000000000000
000000000000000010000000100000000000000000000000000000000000010000000000000100000000000000000010000000000000001000000000000000001000000000000000000000000000000001000000000000010000000000000
000000000000000001000000010000000000000000000000000000000000001000000000000010000000000000000001000000000000000100000000000000000100000000000000000000000000000000100000000000001000000000000
000000000000000000100000001000000000000000100000000000000000000000000000000001000000000000000000100000000000000010000000000000000010000000000000000000000000000000010000000000000100000000000
000000000000000000010000000100000000000000010000000000000000000000000000000000100000000000000000010000000000000001000000000000000001000000000000000000000000000000001000000000000010000000000
110000000000000000000000000000001000000000000000000100000000000000010000000000000000000100000000000000000000000000000000000001000000010000000000000000001000000000000000000000010000000000000
001000000000000000000000000000000100000000000000000010000000000000001000000000000000000010000000000000000100000000000000000000000000001000000000000000000100000000000000000000001000000000000
000100000000000000000000000000000010000000000000000001000000000000000100000000000000000001000000000000000010000000000000000000000000000100000000000000000010000000000000000000000100000000000
000010000000000000000000000000000001000000000000000000100000000000000010000000000000000000100000000000000001000000000000000000000000000010000000000000000001000000000000000000000010000000000
000001000000000000000000000000000000100000000000000000010000000000000001000000000000000000010000000000000000100000000000000000000000000001000000000000000000100000000000000000000001000000000
000000100000000000000000000000000000010000000000000000001000000000000000100000000000000000001000000000000000010000000000000000000000000000100000000000000000010000000000000000000000100000000
000000010000000000000000000000000000001000000000000000000100000000000000010000000000000000000100000000000000001000000000000000000000000000010000000000000000001000000000000000000000010000000
000000001000000000000000000000000000000100000000000000000010000000000000001000000000000000000010000000000000000100000000000000000000000000001000000000000000000100000000000000000000001000000
000000000100000000000000000000000000000010000000000000000001000000000000000100000000000000000001000000000000000010000000000000000000000000000100000000000000000010000000000000000000000100000
000000000010000000000000000000000000000001000000000000000000100000000000000010000000000000000000100000000000000001000000000000000000000000000010000000000000000001000000000000000000000010000
000000000001000000000100000000000000000000000000000000000000010000000000000001000000000000000000010000000000000000100000000000000000000000000001000000000000000000100000000000000000000001000
000000000000100000000010000000000000000000000000000000000000001000000000000000100000000000000000001000000000000000010000000000000000000000000000100000000000000000010000000000000000000000100
000000000000010000000001000000000000000000100000000000000000000000000000000000010000000000000000000100000000000000001000000000000000000000000000010000000000000000001000000000000000000000010
000000000000001000000000100000000000000000010000000000000000000000000000000000001000000000000000000010000000000000000100000000000000000000000000001000000000000000000100000000000000000000001
000000000000000100000000010000000000000000001000000000000000000000000000000000000100000000000000000001000000000000000010000000100000000000000000000000000000000000000010100000000000000000000
000000000000000010000000001000000000000000000100000000000000000000000000000000000010000000000000000000100000000000000001000000010000000000000000000000000000000000000001010000000000000000000
000000000000000001000000000100000000000000000010000000000000000000000000000000000001000000000000000000010000000000000000100000001000000000000000000100000000000000000000001000000000000000000
000000000000000000100000000010000000000000000001000000000000000100000000000000000000000000000000000000001000000000000000010000000100000000000000000010000000000000000000000100000000000000000
000000000000000000010000000001000000000000000000100000000000000010000000000000000000100000000000000000000000000000000000001000000010000000000000000001000000000000000000000010000000000000000
000000000000000000001000000000100000000000000000010000000000000001000000000000000000010000000000000000000000000000000000000100000001000000000000000000100000000000000000000001000000000000000
100000000000000000000000000000010000000000000000001000000000000000100000000000000000001000000000000000000000000000000000000010000000100000000000000000010000000000000000000000100000000000000
000000000100000000000000000000000001000000000001000000000000000010000000000000000000000000000000000000010100000000000000000000000000000000001000000000000000000000100000000001000000000000000
000000000010000000000000000000000000100000000000100000000000000001000000000000000000000000000000000000001010000000000000000000000000000000000100000000000000000000010000000000100000000000000
000000000001000000000000000000000000010000000000010000000000000000100000000000000000100000000000000000000001000000000000000000000000000000000010000000000000000000001000000000010000000000000
000000000000100000000000000000000000001000000000001000000000000000010000000000000000010000000000000000000000100000000000000000000000000000000001000000000000000000000100000000001000000000000
000000000000010000000000000000000000000100000000000100000000000000001000000000000000001000000000000000000000010000000000000000000000000000000000100000000000000000000010000000000100000000000
000000000000001000000000000000000000000010000000000010000000000000000100000000000000000100000000000000000000001000000000000000000000000000000000010000000000000000000001000000000010000000000
000000000000000100000000000000000000000001000000000001000000000000000010000000000000000010000000000000000000000100000000000000000000000000000000001100000000000000000000000000000001000000000
000000000000000010000100000000000000000000000000000000100000000000000001000000000000000001000000000000000000000010000000000000100000000000000000000010000000000000000000000000000000100000000
000000000000000001000010000000000000000000000000000000010000000000000000100000000000000000100000000000000000000001000000000000010000000000000000000001000000000000000000000000000000010000000
000000000000000000100001000000000000000000000000000000001000000000000000010000000000000000010000000000000000000000100000000000001000000000000000000000100000000000000000000000000000001000000
000000000000000000010000100000000000000000000000000000000100000000000000001000000000000000001000000000000000000000010000000000000100000000000000000000010000000000000000000000000000000100000
000000000000000000001000010000000000000000000000000000000010000000000000000100000000000000000100000000000000000000001000000000000010000000000000000000001000000000000000000000000000000010000
100000000000000000000000001000000000000000000000000000000001000000000000000010000000000000000010000000000000000000000100000000000001000000000000000000000100000000000000000000000000000001000
010000000000000000000000000100000000000000000000000000000000100000000000000001000000000000000001000000000000000000000010000000000000100000000000000000000010000000000000000000000000000000100
001000000000000000000000000010000000000000000000000000000000010000000000000000100000000000000000100000000000000000000001000000000000010000000000000000000001000000000000000000000000000000010
000100000000000000000000000001000000000000000000000000000000001000000000000000010000000000000000010000000000000000000000100000000000001000000000000000000000100000000000000000000000000000001
000010000000000000000000000000100000000000100000000000000000000000000000000000001000000000000000001000000000000000000000010000000000000100000000000000000000010000000000100000000000000000000
000001000000000000000000000000010000000000010000000000000000000000000000000000000100000000000000000100000000000000000000001000000000000010000000000000000000001000000000010000000000000000000
000000100000000000000000000000001000000000001000000000000000000000000000000000000010000000000000000010000000000000000000000100000000000001000000000000000000000100000000001000000000000000000
000000010000000000000000000000000100000000000100000000000000000000000000000000000001000000000000000001000000000000000000000010000000000000100000000000000000000010000000000100000000000000000
000000001000000000000000000000000010000000000010000000000000000100000000000000000000000000000000000000100000000000000000000001000000000000010000000000000000000001000000000010000000000000000
