64
192
000000100000000000000000000000000000000000000000000010000000000000000000000000000000000001000000000000000000000000100000000000000000000000000000000000000000010000000001000000000000000000000000
000000010000000000000000000000000000000000000000000001000000000000000000000000000000000000100000000000000000000000010000000000000000000000000000000000000000001000000000100000000000000000000000
000000001000000000000000000000000000000000000000000000000000000000000000000000000000000000010000000000000000000000000000000000000000000000000000000000000000000100000000000000000000000000000000
000000000100000000000000000000000000000000000000000000010000000000000000000000000000000000001000000000000000000000000100000000001000000000000000000000000000000000000000001000000000000000000000
000000000010000000000000000000000000000000000000000000001000000000000000000000000000000000000100000000000000000000000010000000000100000000000000000000000000000000000000000100000000000000000000
000000000001000000000000000000000000000000000000000000000100000000000000000000000000000000000010000000000000000000000001000000000010000000000000000000000000000000000000000010000000000000000000
000000000000100000000000000000000000000000000000000000000010000000000000000000000000000000000001000000000000000000000000100000000001000000000000000000000000000000000000000001000000000000000000
000000000000010000000000000000000000000000000000000000000000000010000000000000000000000000000000000000000000000000000000000000000000100000000000000000000000000000000000000000000000000000000000
000000000000001000000000000000000000000000000000000000000000100001000000000000000000000000000000000000000000000000000000001000000000010000000000000000000000000000000000000000010000000000000000
000000000000000100000000000000000000000000000000000000000000010000100000000000000000000000000000000000000000000000000000000100000000001000000000000000000000000000000000000000001000000000000000
000000000000000010000000000000000000000000000000000000000000001000010000000000000000000000000000000000000000000000000000000010000000000100000000000000000000000000000000000000000100000000000000
000000000000000000000000000000000000000000000000000000000000000100000000000000000000000000000000000000000000000000000000000001000000000000000000000000000000000000000000000000000010000000000000
000000000000000000100000000000000000000000000000000000000000000000000100000000000000000000000000000000000000000000000000000000000000000001000000000000000000000000000000000000000000000000000000
000000000000000000010000000000000100000000000000000000000000000000000010000000000000000000000000000000000000000000000000000000010000000000100000000000000000000000000000000000000000100000000000
000000000000000000001000000000000010000000000000000000000000000000000001000000000000000000000000100000000000000000000000000000000000000000010000000000000000000000000000000000000000010000000000
000000000000000000000100000000000001000000000000000000000000000000000000100000000000000000000000010000000000000000000000000000000000000000001000000000000000000000000000000000000000001000000000
000000000000000000000010000000000000000000000000000000000000000000000000010000000000000000000000000000000000000000000000000000000000000000000100000000000000000000000000000000000000000000000000
000000000000000000000001000000000000010000000000000000000000000000000000001000000000000000000000000100000000000000000000000000000000000000000010000000000000000000000000000000000000000010000000
000000000000000000000000100000000000001000000000000000000000000000000000000100000000000000000000000010000000000000000000000000000000000000000001000000000000000000000000000000000000000001000000
000000000000000000000000010000000000000100000000000000000000000000000000000010000000000000000000000001000000000000000000000000000000000000000000100000000000000000000000000000000000000000100000
000000000000000000000000001000000000000000000000000000000000000000000000000001000000000000000000000000000000000000000000000000000000000000000000010000000000000000000000000000000000000000000000
000000000000000000000000000100000000000001000000000000000000000000000000000000100000000000000000000000010000000000000000000000000000000000000000001000000000000000000000000000000000000000001000
000000000000000000000000000010000000000000100000000000000000000000000000000000010000000000000000000000001000000000000000000000000000000000000000000100000000000000000000000000000000000000000100
000000000000000000000000000001000000000000010000000000000000000000000000000000001000000000000000000000000100000000000000000000000000000000000000000010000000000000000000000000000000000000000010
000000000000000000000000000000100000000000001000000000000000000000000000000000000100000000000000000000000010000000000000000000000000000000000000000001000000000000000000000000000000000000000001
000000000000000000000000000000010000000000000100000000000000000000000000000000000010000000000000000000000001000000000000000000000000000000000000000000100000000010000000000000000000000000000000
000000000000000000000000000000000000000000000010000000000000000000000000000000000000000000000000000000000000100000000000000000000000000000000000000000000000000001000000000000000000000000000000
010000000000000000000000000000000000000000000001000000000000000000000000000000000000100000000000000000000000010000000000000000000000000000000000000000001000000000100000000000000000000000000000
001000000000000000000000000000000000000000000000100000000000000000000000000000000000010000000000000000000000001000000000000000000000000000000000000000000100000000010000000000000000000000000000
000100000000000000000000000000000000000000000000010000000000000000000000000000000000001000000000000000000000000100000000000000000000000000000000000000000010000000001000000000000000000000000000
000010000000000000000000000000000000000000000000001000000000000000000000000000000000000100000000000000000000000010000000000000000000000000000000000000000001000000000100000000000000000000000000
000001000000000000000000000000000000000000000000000000000000000000000000000000000000000010000000000000000000000000000000000000000000000000000000000000000000100000000000000000000000000000000000
000000000000000000000000000000000000000000000000000000000000010000000000000000000000000000000000000000000000000000000000000001000000000000000000000000000000000000000000000000000000000000010000
000010000000000000000000000000000000000000000000000000000000001000000000000001000000000000000000000000000000000000000000000000100001000000000000000000000000000000000000000000000000000000001000
000001000000000000000000000000000000000000000000000000000000000100000000000000100000000000000000000000000000000000000000000000010000100000000000000000000000000000000000000000000000000000000100
000000100000000000000000000000001000000000000000000000000000000000000000000000010000000000000000100000000000000000000000000000000000010000000000000000000000000000000000000000000000000000000010
000000010000000000000000000000000100000000000000000000000000000000000000000000001000000000000000010000000000000000000000000000000000001000000000000000000000000000000000000000000000000000000001
000000001000000000000000000000000010000000000000000000000000000000000000000000000100000000000000001000000000000000000000000000000000000100000000000000000000000010000000000000000000000000000000
000000000100000000000000000000000000000000000000000000000000000000000000000000000010000000000000000000000000000000000000000000000000000010000000000000000000000000000000000000000000000000000000
000000000010000000000000000000000000100000000000000000000000000000000000000000000001000000000000000010000000000000000000000000000000000001000000000000000000000000100000000000000000000000000000
000000000001000000000000000000000000010000000000000000000000000000000000000000000000100000000000000001000000000000000000000000000000000000100000000000000000000000010000000000000000000000000000
000000000000100000000000000000000000001000000000000000000000000000000000000000000000010000000000000000100000000000000000000000000000000000010000000000000000000000001000000000000000000000000000
000000000000010000000000000000000000000000000000000000000000000000000000000000000000001000000000000000000000000000000000000000000000000000001000000000000000000000000000000000000000000000000000
000000000000001000000000000000000000000010000000000000000000000000000000000000000000000100000000000000001000000000000000000000000000000000000100000000000000000000000010000000000000000000000000
000000000000000000000000000000000000000001000000000000000000000000000000000000000000000000000000000000000100000000000000000000000000000000000000000000000000000000000001000000000000000000000000
000000000000000010000000000000000000000000100000000000000000000000000000000000000000000001000000000000000010000000000000000000000000000000000001000000000000000000000000100000000000000000000000
000000000000000001000000000000000000000000010000000000000000000000000000000000000000000000100000000000000001000000000000000000000000000000000000100000000000000000000000010000000000000000000000
000000000000000000100000000000000000000000001000000000000000000000000000000000000000000000010000000000000000100000000000000000000000000000000000010000000000000000000000001000000000000000000000
000000000000000000010000000000000000000000000100000000000000000000000000000000000000000000001000000000000000010000000000000000000000000000000000001000000000000000000000000100000000000000000000
000000000000000000001000000000000000000000000010000000000000000000000000000000000000000000000100000000000000001000000000000000000000000000000000000100000000000000000000000010000000000000000000
000000000000000000000100000000000000000000000001000000000000000000000000000000000000000000000010000000000000000100000000000000000000000000000000000010000000000000000000000001000000000000000000
000000000000000000000010000000000000000000000000000000000000000000000000000000000000000000000001000000000000000000000000000000000000000000000000000001000000000000000000000000000000000000000000
000000000000000000000001000000000000000000000000010000000000000010000000000000000000000000000000000000000000000001000000000000000000000000000000000000100000000000000000000000010000000000000000
000000000000000000000000100000000000000000000000001000000000000001000000000000000000000000000000000000000000000000100000000000000000000000000000000000010000000000000000000000001000000000000000
000000000000000000000000010000000000000000000000000100000000000000100000000000000000000000000000000000000000000000010000000000000000000000000000000000001000000000000000000000000100000000000000
000000000000000000000000001000000000000000000000000000000000000000010000000000000000000000000000000000000000000000000000000000000000000000000000000000000100000000000000000000000000000000000000
000000000000000000000000000100000000000000000000000000000000000000001000000000000000000000000000000000000000000000000000000000000000000000000000000000000010000000000000000000000000000000000000
000000000000000000000000000010000000000000000000000000100000000000000100000000000000000000000000000000000000000000000010000000000000000000000000000000000001000000000000000000000000100000000000
000000000000000000000000000001000000000000000000000000010000000000000010000000000000000000000000000000000000000000000001000000000000000000000000000000000000100000000000000000000000010000000000
000000000000000000000000000000100000000000000000000000001000000000000001000000000000000000000000000000000000000000000000100000000000000000000000000000000000010000000000000000000000001000000000
000000000000000000000000000000010000000000000000000000000100000000000000100000000000000000000000000000000000000000000000010000000000000000000000000000000000001000000000000000000000000100000000
100000000000000000000000000000000000000000000000000000000000000000000000010000000000000000000000000000000000000000000000000000000000000000000000000000000000000100000000000000000000000000000000
010000000000000000000000000000000000000000000000000000000001000000000000001000000000000000000000000000000000000000000000000100001000000000000000000000000000000000000000000000000000000001000000
001000000000000000000000000000000000000000000000000000000000100000000000000100000000000000000000000000000000000000000000000010000100000000000000000000000000000000000000000000000000000000100000
