128
192
100110100000101110000110101111010100101011111110000100100001000110101001111000001000001010110101110101001110000000010100101010101001011010100111101100001110011101111100010111001111010011100111
010110100110011101010101110110000100111101010101010111110101111110100010011101011111101010111010101100101011000001110110101110010011100010010111101001010001001101011000111110011111000011100110
000101011001011110000100110000110001101101111100101110100010110100011110111011100100100100100000010100111000011111110101001000011100001100111101000011000110000010110100000100111010001001011001
001100100011100011110111111011111101110111100010010110001011011010111100001001010110001010111000101111111111010000111101011110111011110101110111000111011111110101101111000000010010110001000010
010101001001010111111000110110100101000100001010101011110010100111111001110011111001000010000000000100111101110110111111011000000000001100000000010011001000100001010100011010001111010101110111
111111110111000001010110100001001111010000010101000110011101101011111110100111000101101000100110000101111100011110111001110000010001000101010111100110000000010000001000000010111001000100100000
011110011010110111111101000100100110111011101101100010110000110001111001011101000000011010100010001011111100100101010010111110001001111110101000110011001001010011001110110010101111010101000101
011110110101111111111110001011110100010010100010001101101000101101110001010110110010001011001100111010100111011100111100101100110100111000111010100010101100000000000100001110100000011000010000
100111111001001011101101001011111111010000001111010000111000100100100101001101010100110011100100110001101001101010101111010001100100111010110011111111101100011001101011110110110011000110001100
001101000100101110111001110000011010000100011000001100110100110110000100001101001001100001101011100010100000101011001111001101010001001011110110111000001111010101100100110101000010011000111100
001110110001001011000111111100100011111011110011001101010100001110000001001100111010000101101011111111100100111000100111001001001010000101010001110100101100001101101101001111000100110101111000
100010000100000101100011101001000110000100011100010001010110100100001101111001010111011110000101101111000110110100101001000010010000101111101101100110010010100100101001111010000010101001011111
110011111001110111111100110010011111001010101011010010000001100100110011001011001001001110000101100111011110100000011110111000100010000100010111011100111010011111000100101110100101011001101110
100000011001110001000010100110110010111011110101100011011101001101000101011100100100110001011011111001000001100011100100010111001011101000000001110001000010101010010000000110111011011010111011
010001100001000011000011101100100000111111001011100010111100110110010110111001011100111011101110000001101101101010110111101111011011101100111011010100011100000010111110010100001000010000000011
001001011010001010101000111110110001111010011011101001101111101000101001011001001001010010001001110101111011110100000000000101010100011101011111101001100010001010000111011100100101111100010110
111001011110000000111000101010001000101011101101110110110111011000010110010011010100000001110001110101001001110111000101000111111101001111001110000111010000100100011001001100101111100001000100
000110100010100110001001110100001000001110110011100110101100010001011010010010101110000010110010100001011010100111001010101111110011100100010101001110001010001000111011000101011111001111001011
010010111001001111001100100011001110011001111101111101100111110110000011111010101110101100001110010010010000111110010111001101101110010101110001110001101001101001100110111000011010110110000011
011100110101100110111111101110100101110111000000001110111000110100110001110010010110001010000111000011110001111111100100010101111101011010101110010110011011010101000000001011010010000100000011
011000000111001011100001101000110010100110111001110011101000001010101000011111000000000110001111100001000011100001110010111110011100110011100011010110110000101011100010110001010000101000110001
000111001001111001100000101100011000101101001011100101100010110000010101100000101100111101111101100101101110010010010001101000111101011100100101000011110011100010110111011101000010100011010000
101100011001010111111111101010001101111100100101010011010110110011001000100111111001110000111101100000101111101110100111111010111110111011000000100010111001111000000001000100011111100110001010
100110001000011011010010100101101101010010011100010001011111110010001011011011100011110000100101011010000000100101111111100110100101110011011100010001100100001010111011111110111100010100111000
001110101100101011101000001111001010110011010001011101011010101111100111010001110100111001001101101110010001011001011010110001000101110000001000100011111111000111011110011001111010010100011011
100010010011001010111011010011001000100110110101011110100111011011101001001110100000011001001000111110010101101010001100100111000110011101101000001100000111110000011011001001100000011000000000
110001101000011000101011101110000001110100011110111100011101111100011000110110000111011011011100000001110111000111100011010111110101011010011010111101110010010010011100000100011001111100111100
110111111000010001010110000010010010110000101010001010001110000110101011100100111000000101101100101001100110000110110110001110001010011111010010010000110100101111010111101111010011010110000110
100100101100011110101100111011110000100001000000101010001010111100100010101000111110000001000010101111100011000101101111000010110001010011011110101011101001000100001101000001111110100100000111
011001000011101000010101101000000010110000111001001010101100110101001010101101100000101011111111010101010111000101000011000001110001100001101100110001100111001101100011011011101100101001001110
010010100100100000100010001001000101110100011100100011110110111010010010001110100001000000111101001010010011000010100011101001011000000010100001100101110011101100101000001101000000101101011001
100010111010011111011001010101000100110111000111100101101010011110110101000000000101010011101000000001101111110010000010000110100100000000101001000000000011110011011011000101001101001110011011
000001000000000101000011101001100001010000111011110010000010101111010011001111001111101001100100000110001000111111101110001100011010011110101011101100000101100001100001100011110010100111101011
111111111001111010111011110001000111100101011100011000000110000110110000011011100011010100100011001101010101111101101111010001001011010010001011100001011011001101111101011001010011010001101011
000000110101001101111000100011100110001000001111011101011011001000101000101000101101110101101001101111011101011000100011110101100001010110001101010000111011100010011101100000111000101001001011
001001110111111011010010111001100111001010001111011110111101000111000111011010011001111101000001001001001011010110001001100101010001111101001000110000101011110110111101010110011010101001000101
110100000010101101011011011110011101001101110110110010101101000010011010111010011011001110011010100111010010101000101010011100010110000001100010100111101100110010111001001101011010010001011100
011111001001100010010100010110100011011000101000111011100101001100110010001111110001101001111011010011110010110010111100111000110101000110110100110011100111011010101011011011011010000101011110
001111000011001001110000011011001100010110001101100111010011110010110000100111010011000011101000110100001111001011001000111001100011000000011101010010011010111000110001001010111001011000111001
101011010110100100110111010011010101010100100100100100010001100011010101100100110111100011100010011100101111000100001001111101101000100010011101111011000110100011111111100111011101110011010011
011011100010000000011101001011010111110011001001000010001100011001001100110110101110011001101101111110100111101101000010000001011010011010000011001010101011001001010100111010110000111101111010
100110010011011011101011111101100001000100101111011101001100001110000000100010011001010011100011011101000010110011110000000100011110111110101010001001101010001110111011111000000111000110001010
011010000000100111000111110101010110111110011011011100110000010110001101011000011000010101000111110101111010110000110110011100010000010001010011110111100001001101101011011111011000000100101101
101100110001101101111001101111111101010000110111000110101001111110100001010110110000011110111001100010011000111010000011011101000111101001010000100011010000101001010111101110010010101100010100
111101000000111100100001111101110010111100010111111011111011100011110111001000111001010101110111010110000011100110101011010000101001111000001110111000010100101111000011100111111000000100101111
000011000001101111011100000110011100100000111000101100100001111101101001110001001001100011010001010101000101010000101011000000100010101000101001110100101000001000110111010011011000001110001111
001100011001010100110101110010001101010000011111111111111111100001011001011100110101001110100001101110001100110011110000010110111011100101010001001111101011111001000100000111011001100100111011
100111110111000111100100101110111000000110000011101110101110010011100010100111101000101000100010011110001111001001010111001110110110010001110111001010100100100111010101100100011001000000010000
100101111000110010110110100111110101011010000101110101000010100101111011011110110010101100110100101111110101100001110111001010001111000101011001000100111100000001010111000110101111000000101110
110111101111001011010010110100110011000011000111100111111110101011110101101001011111100101001111111110011011001101110001100001100100001011010010010100110110000101001101000010100110100011100010
101100001010010000111100001111000101101110111100111110010100101100001010000001010100101111110011111100011111101100010110001000011001111001111010100101111111010010101100110001101111000001110001
110010011011101011100000111000000101110001010011101000010111111000100100010100010100011101001001110111110110110100000110001101110010001100001101000000100110101100010110011111101111100011100110
100101011000100010011100111000111110111001111011010101000010111000101001001100111110111100110111100101010011010001111001101110101001000110110101000101101110110000011001001101111011000001000100
100101110101110010111101000111010100011011010101011100110110011000111000001011111100110011010011101101011110110011100100001011100110110011000010110100110100011010001010000001110111010011010110
010100100100110111010111110100000011000101111110111001010001010101100011000101110110011100100100101010011111010100011000110111000011111001111101111010001011100101100010111100111101111010111110
100111001110001110001111101000000101001011111011111100100100000000100111011111010000000011000010101101010100000010000111000101111110011000111001011101010100101110010101010101110000000001011110
001010111001110000011011011100110111101000000111111101011001010000101111111000101110001110000001011001100111011111111101011000001010000110000110101000101010001001001000010001100111011100101101
011001010011010000001111101101000000111000011111011001110100111001111000000001110101000011111100001110001010100000111111111010100000000111001100000111101001000001000111011110101000111001011011
100000100111011011010111101111100100100110000001111010100111110000011111111010010001010111110010011001110001011100101101010011011011001100110010000110001000100111011101000111010000011110100100
110110101011101000011101100010010111100010010110111011101111100110101110111100100100110111001011101010100110001111100101001110110001000011101011100001011111010001100111010000011110101100001111
001101110110001111011111000011101101110001101011000100111100001100000101100010110100110110010110100010010101000000111011000010111001000100111010001110010011001010001101011110011001001001001101
111010010000110010011110001101011001110010001001011011001110010010011000010001011010011000001001100111110110011110010100011011111000000111000000101001110000000011011111101010001100010110010101
001101110011000101001000100111100001011001100011001001100000011011001111011101110111000100100100100000000111100100100100011101000110101100010010110011010110100000000100100110000110000110011010
010000010001110001100111111010101001011110110000000100011111011101111101101100010010011111011101001110111010111000100101111011010111111101100000110010011110000010111111110000100111100110001110
101010111001100111100110101001101101000100010000010010011101010011001100000000011011110010111001100110010001010110101101111000001011100100001000111000011110110110000111001011111011000101111100
100010001110101000010101111010001111001011100101110011101011100010011001000011100010001000000101101010010110111101100100110000100001111100000111101011100010100110101011010100101101101101010101
011000111011111101101101101001010110111111011000000001100110001010100011110110010110011110111000100110101110110000010101100110011101110011110010111010001101111000110010111010110001100100100111
011101111101101110010101110110110000000011100011010110001111001001010101110000010100010001010101011111000110001101111100011110010010101011001111100010101110011100001110100100100111110011101110
011001101010111101101010010100101001001101011001100010001101010101100000100001011110100000010001111010111000010010010000111001100110100101100011000001110110000010010101101011111001110111110101
000111101010101010101101000001100101110010001001100111100111101110001011100000110110000000111010101101011010010101111111010110011111111001010110001111010111000100110111100010110111010100111000
100110011110011010001100000010110110110111011101001111101100101111110001111011100000000110010010011111111100000111010001011101011000000010110110010001001000001000101011111010001011101111110001
011000111011100110011010111010001110000010100110100101011101000111100101010111100110001010000100101111010000100111011111101011110001001010001001011001000110000100010111101010011111011011110101
111111111101101111010111100100011111010011110101011000111001111100111000001110111111111001010000001111110001110000011001111011101110011100110100010111101110110010000011110101101101110000111101
011000010000001110110001010010011110110011011100010101111000101000110001010100000111011110010101100010001111101101001010010011000111111111011110011100111100010111010001000100110111001011111100
110110110011111111001100111111010110000110000100110101100100001010011001101000001111000101001000110001110011100010010110001100111110101010010000010101111110010101000101000100001101100100011011
101101100111000110001111011000001010111001101101011101001001011011000100001100000110101000011110001010010001011111000101101010100000001101111011001011100100100111111100101011101111001111010011
101110001110101001110011000111011101010100101010011101100010011011000110011011010100110100100110111000010111001011000111011101100010110111010101011101011101100000100100010111101000000111000011
100101110100000111000111011110010010000000010100110101011010100110101010010010110010001010100001100100001011010001111111010111100100110011001100011111011011111111010100111000000011111001111100
111001101000111101001110000010000010011111111011000111100110001010101111001010000101111101101011011001010011000110010011010100000010000100101011011100000101001011000110000110010000011000000100
111000100111011011010101101110010111101110100100101000111011111100110101011010001011001011101101010110100110110011011111101010111000100010101010011001000000011000000001011110100001000110000000
111000000110000110010000010001100100011110011011011010110011010001000110001100010011000100010110101000001001111001001100110011010101001110000111011010100100010001101000010010111110001011101001
110001001010111111101001000111111000011001011001000111100100011101001101011010100010010110000001101111000010011100100111000010111100111101010000011100010101100100110100111001100110111111010110
000001010001010101100110111010001100001110000010010110110101100001100110011010101100100100101100101010010010011001000010111001100100111011010100111011110011111011111110111100110010100110011010
011111111000100110000011001100011010011001101110111010100000010110111110110110000101000011101010111110000100001001000111010000100011110010110011100101110110000101000100001111111001101000010011
111000111100111110011011011010001110111000011110011110001111110111010011100101111010101011100111010001100101010001111100000100011101010000101011111111000101011000001010101100100011111011110101
111001011010101011100101100001000011111101000110100010110101001001110000111000001011100100010111110000000000100110010101111010010110001110011101000001010001010101000100101000010111000100011101
001100000110000101010000010010010100110111111000110111011001111111111001110001111010100111001000000000001100100111000000001011001101011011110011001110000100111110000001101011100000110001101101
001101011100010101010101101011111001111100110100111011011110001100100110100111110110111010001001000001011110110100011101101011001111101100110010011001010010001000110011100000101110101101101100
110101111100010011000001011100110101110100101101111100110001111110001010101101111111010001101110010010011101010110101000010001101110101011011111100010011110111001011001000010101110010101110101
110000001110001010100110111000101011011100000010110001011001110111100000111011100010000110011111111010100000010000101100100110000001000011101101011111101000001010100000001101001011001100010101
111010011101011001010111101011001101111100001110000111100101010010100111100101100110011001010010111000101011011110100011001011101110011011010010010111011001010010001100001101111000011000101100
101001100010011111011101101001000100010110001001000111110100110011100111110101101011001010010011000001111111100000100011101111000111110111010011001111100111100111011011110001011000011010000010
011000101011010000110000000101010100100101100010011101000100101001000100101111111000100101110011001100001111100101011011010001000110011101111001101001001000010110110101010010011001011011001110
101010111000111100110110011010101111010101100111110011110110010101000011111010011001100110011111110010100100101011000110100111111011000001001000000000000110011010111111001011101000100111001000
101001111011111101000110000111100101000001001001011001010100001100011101110110110010000010110000111101101011111000110000110100101001011000101001110110011100001101011010100001000001110011111101
111101110010001100000001011011101001111111001000000010100111010000110100011101110110011100100110011010010000111110111110011000110100011111111101001110011111110101011011001010110110001000001111
110011000010110000110011011100000000101010110101100001001001000100010111101001101001111011100101000000011011001010110000100110000110001000110111001110000101010111110001101010111110111100000110
100111101110110010100111011110011101000001010101101001011000100100101010001101011100010000111100011011111101110111000000111111000011010110011001110010110110110110111101001011101101001010000101
011001100011111111001010010000100010101110101000001001010110111010100010011111101011010111110000101000111010010110000001110011000001011000101110111011010101101110010111111010001011111010100110
110011111011010011010110111000110010100010000001011001111011100101111100111101001110010010001100011100000111000010101011100011011010010110001101011111011110000001001010101001011010110110000100
101011100010111001001010111010000000011011101100111110001001100011110011001101000000110101000100100101001000111111110100001000000001010111010010000100100011101110111011100101010011010110101010
010110111001000111011001110101110010111101101111010110011001011111001110111010010101110110101111010011100111011101010111001001110101100100001101100110011100110110001101101101001111111111101011
110101101000101010111000110110001110110101100111110011000010111111011001010001111111111110100000110100110110011110001010001101110110110001001011010111111001101111000010110101000001010001100010
000101101100110100001101101100111000010110001000100010001000011001000001110011011111011101011010010001000011001001100001101001010100010101001010100000111101000000110100001010101000011110111100
100001101011011010110001110000110010100111111000011011101110010100001111110011101100001001010001011010111110111011110001110000111101010000011011111011000011101100111111100000111100001100000101
101011011111011011000010101000000001010111001111000111010101111011001111101010010101010110111011001110101001001001011000110000001000010001000100110101000000010010100011000001110010011000100001
110000000010001100010000111100001011000000000010101011110101011101011100101100110111111110010011010110111110100101101001001101110011001011011001100111110000101011011001010101010011101011100010
000000001100000000100100000001111001011111010011101100111010011010101001000000011101001001011010100000001111010000110001111001110111010001000111011111110011011010111011011011100001111010111110
000000100011111010010100100101000000001101010010011001101011111110111100011110110100101011010011100000101111101110000100011000101110100011001000100101001011110001111101010100110101101101111000
110001010000011101111101111110011111100100011110000110111101101110101011100100001110001001000111100110001100101100101110100001111011101010110111010001011110100010010000000001001111111000111110
110100110100011110100010010001000001111110000101100111010110011000010100011110010010000010110111111001111111000100010001011011100000111000110001000101100010110110000000100101011000101110000010
001100101101110100011100010000101110000000101001101111010011001001101011000001100001010110111100010100111101101001100110001000000011101100011101100000001001011011101111001101001001010101000100
111001100011111100001001010100100011100001011001110010100100100100101011000001001001110011100101110110100110100010110010100100000100100011011110010001000010010010010100110111010100000101111000
001100010000011011110010100010100010110100000111111110010101000100010111000010001101101001111001101100101001000011011110100010001001111111011110000111001000111001110001010110001011110100010111
110000001010000111010111111101011001000111101101111110111100010101000110011101101111100100001100110101011010110000100111011100000110001010111111011011101100101001011101110001110011000010010110
110010010001110100011101111101001011011000111001011011100010001101111101000100010000111111101000110100001101000011101101001011011001110011010111101100111101001111100001111000101010111101101010
100010101010001101111011101111100110100110001111011001101011100010111011011101111000100111001100011000001000000110000010101001100111111011010100010100110101101100001001110111001101011111000101
011100000011110101110000000010111000010100011111011011100100011011111011000000111000111000001111110111010100110111111000110000101011001000101011100101101101001010101001001001010000111100001110
100011101010001111011011100011011001010001001111000000111101100110011011100111010111000101110101011111010011101010111011100111001101110111010000011001010001001100000101000111100100010110110001
111111101111011111010010100011111001001001111111001110100100001101010110100111111001110100010101001011011001001111011110101000110001011010101010011000101011001000011001111111100010110001101110
110000111100000101100100110010100101010000011111011110111100111011010101010100101000001100001001111010010010010101101100101110000110111010001110000110011101010100000111111110000100111010111011
100111100110000100001100001000111010010001011111101111110010101100100101010110100011111000011101100101111011100100101100100111000010111110010100011100110000101100101111001001100000110100000111
101111000000101111110000011011101101000010010000100101000101010111011000111010000010111110101000011110010000000101010100110110011101010001001001100001111101000100000100111111101111000100011110
110011101101010111110011101011110001110011111100011100101010111001110011111001010101000100001000111001100010011000100101111001101010011000011110110111111110010100100000000100110001001000010000
110001000110100111111101000100111011011101001000100100000011011011100010101010110001110000011001011001010000111101110100000111111111001111001000000000111011110011111110110101001010100111010001
101111011110001100111100010000110100000110010110000000011001010111000101001101110011001000010001110100001011000100000000010110000100000010010110101111110010111100011101000100000111010100000110
111010100010110110100111111101011100001000010100010100101010010101110111111100111100110100101110001000011000101011101111101000100010000001111111110000100110110010010100001001111100010110010111
010000011000101000011111000111011110010010111101011011011001000110101010001110010010011110010001000100100000101100110101101011011001011111111101111011110000000111100011100001111100001010101001