96
192
110111010111001111100101001111000101110101010011000111010101111001010101100001000000000000000000000000000000000000000000000000000000000000000000000000000000000000000000000000000000000000100001
110011100011101111010011101111000011011011100001101011001011011101001011010001000000000000000000000000000000000000000000000000000000000000000000000000000000000000000000000000000000000000010001
110001111001111111100001111111101001100101010001111101101101001111101101001001000000000000000000000000000000000000000000000000000000000000000000000000000000000000000000000000000000000000001001
011001011101110111010001110111010101010011001001011111010111101111010111000101000000000000000000000000000000000000000000000000000000000000000000000000000000000000000000000000000000000000000101
001101001111110011001001110011001011100001000101100111100011111111100011000011000000000000000000000000000000000000000000000000000000000000000000000000000000000000000000000000000000000000000011
000000110111010111001111100101001111000101110101010011000111010101111001010101100001000000000000000000000000000000000000000000000000000000000000000000000000000000000000000000000000000000100001
000000110011100011101111010011101111000011011011100001101011001011011101001011010001000000000000000000000000000000000000000000000000000000000000000000000000000000000000000000000000000000010001
000000110001111001111111100001111111101001100101010001111101101101001111101101001001000000000000000000000000000000000000000000000000000000000000000000000000000000000000000000000000000000001001
000000011001011101110111010001110111010101010011001001011111010111101111010111000101000000000000000000000000000000000000000000000000000000000000000000000000000000000000000000000000000000000101
000000001101001111110011001001110011001011100001000101100111100011111111100011000011000000000000000000000000000000000000000000000000000000000000000000000000000000000000000000000000000000000011
000000000000110111010111001111100101001111000101110101010011000111010101111001010101100001000000000000000000000000000000000000000000000000000000000000000000000000000000000000000000000000100001
000000000000110011100011101111010011101111000011011011100001101011001011011101001011010001000000000000000000000000000000000000000000000000000000000000000000000000000000000000000000000000010001
000000000000110001111001111111100001111111101001100101010001111101101101001111101101001001000000000000000000000000000000000000000000000000000000000000000000000000000000000000000000000000001001
000000000000011001011101110111010001110111010101010011001001011111010111101111010111000101000000000000000000000000000000000000000000000000000000000000000000000000000000000000000000000000000101
000000000000001101001111110011001001110011001011100001000101100111100011111111100011000011000000000000000000000000000000000000000000000000000000000000000000000000000000000000000000000000000011
000000000000000000110111010111001111100101001111000101110101010011000111010101111001010101100001000000000000000000000000000000000000000000000000000000000000000000000000000000000000000000100001
000000000000000000110011100011101111010011101111000011011011100001101011001011011101001011010001000000000000000000000000000000000000000000000000000000000000000000000000000000000000000000010001
000000000000000000110001111001111111100001111111101001100101010001111101101101001111101101001001000000000000000000000000000000000000000000000000000000000000000000000000000000000000000000001001
000000000000000000011001011101110111010001110111010101010011001001011111010111101111010111000101000000000000000000000000000000000000000000000000000000000000000000000000000000000000000000000101
000000000000000000001101001111110011001001110011001011100001000101100111100011111111100011000011000000000000000000000000000000000000000000000000000000000000000000000000000000000000000000000011
000000000000000000000000110111010111001111100101001111000101110101010011000111010101111001010101100001000000000000000000000000000000000000000000000000000000000000000000000000000000000000100001
000000000000000000000000110011100011101111010011101111000011011011100001101011001011011101001011010001000000000000000000000000000000000000000000000000000000000000000000000000000000000000010001
000000000000000000000000110001111001111111100001111111101001100101010001111101101101001111101101001001000000000000000000000000000000000000000000000000000000000000000000000000000000000000001001
000000000000000000000000011001011101110111010001110111010101010011001001011111010111101111010111000101000000000000000000000000000000000000000000000000000000000000000000000000000000000000000101
000000000000000000000000001101001111110011001001110011001011100001000101100111100011111111100011000011000000000000000000000000000000000000000000000000000000000000000000000000000000000000000011
000000000000000000000000000000110111010111001111100101001111000101110101010011000111010101111001010101100001000000000000000000000000000000000000000000000000000000000000000000000000000000100001
000000000000000000000000000000110011100011101111010011101111000011011011100001101011001011011101001011010001000000000000000000000000000000000000000000000000000000000000000000000000000000010001
000000000000000000000000000000110001111001111111100001111111101001100101010001111101101101001111101101001001000000000000000000000000000000000000000000000000000000000000000000000000000000001001
000000000000000000000000000000011001011101110111010001110111010101010011001001011111010111101111010111000101000000000000000000000000000000000000000000000000000000000000000000000000000000000101
000000000000000000000000000000001101001111110011001001110011001011100001000101100111100011111111100011000011000000000000000000000000000000000000000000000000000000000000000000000000000000000011
000000000000000000000000000000000000110111010111001111100101001111000101110101010011000111010101111001010101100001000000000000000000000000000000000000000000000000000000000000000000000000100001
000000000000000000000000000000000000110011100011101111010011101111000011011011100001101011001011011101001011010001000000000000000000000000000000000000000000000000000000000000000000000000010001
000000000000000000000000000000000000110001111001111111100001111111101001100101010001111101101101001111101101001001000000000000000000000000000000000000000000000000000000000000000000000000001001
000000000000000000000000000000000000011001011101110111010001110111010101010011001001011111010111101111010111000101000000000000000000000000000000000000000000000000000000000000000000000000000101
000000000000000000000000000000000000001101001111110011001001110011001011100001000101100111100011111111100011000011000000000000000000000000000000000000000000000000000000000000000000000000000011
000000000000000000000000000000000000000000110111010111001111100101001111000101110101010011000111010101111001010101100001000000000000000000000000000000000000000000000000000000000000000000100001
000000000000000000000000000000000000000000110011100011101111010011101111000011011011100001101011001011011101001011010001000000000000000000000000000000000000000000000000000000000000000000010001
000000000000000000000000000000000000000000110001111001111111100001111111101001100101010001111101101101001111101101001001000000000000000000000000000000000000000000000000000000000000000000001001
000000000000000000000000000000000000000000011001011101110111010001110111010101010011001001011111010111101111010111000101000000000000000000000000000000000000000000000000000000000000000000000101
000000000000000000000000000000000000000000001101001111110011001001110011001011100001000101100111100011111111100011000011000000000000000000000000000000000000000000000000000000000000000000000011
000000000000000000000000000000000000000000000000110111010111001111100101001111000101110101010011000111010101111001010101100001000000000000000000000000000000000000000000000000000000000000100001
000000000000000000000000000000000000000000000000110011100011101111010011101111000011011011100001101011001011011101001011010001000000000000000000000000000000000000000000000000000000000000010001
000000000000000000000000000000000000000000000000110001111001111111100001111111101001100101010001111101101101001111101101001001000000000000000000000000000000000000000000000000000000000000001001
000000000000000000000000000000000000000000000000011001011101110111010001110111010101010011001001011111010111101111010111000101000000000000000000000000000000000000000000000000000000000000000101
000000000000000000000000000000000000000000000000001101001111110011001001110011001011100001000101100111100011111111100011000011000000000000000000000000000000000000000000000000000000000000000011
000000000000000000000000000000000000000000000000000000110111010111001111100101001111000101110101010011000111010101111001010101100001000000000000000000000000000000000000000000000000000000100001
000000000000000000000000000000000000000000000000000000110011100011101111010011101111000011011011100001101011001011011101001011010001000000000000000000000000000000000000000000000000000000010001
000000000000000000000000000000000000000000000000000000110001111001111111100001111111101001100101010001111101101101001111101101001001000000000000000000000000000000000000000000000000000000001001
000000000000000000000000000000000000000000000000000000011001011101110111010001110111010101010011001001011111010111101111010111000101000000000000000000000000000000000000000000000000000000000101
000000000000000000000000000000000000000000000000000000001101001111110011001001110011001011100001000101100111100011111111100011000011000000000000000000000000000000000000000000000000000000000011
000000000000000000000000000000000000000000000000000000000000110111010111001111100101001111000101110101010011000111010101111001010101100001000000000000000000000000000000000000000000000000100001
000000000000000000000000000000000000000000000000000000000000110011100011101111010011101111000011011011100001101011001011011101001011010001000000000000000000000000000000000000000000000000010001
000000000000000000000000000000000000000000000000000000000000110001111001111111100001111111101001100101010001111101101101001111101101001001000000000000000000000000000000000000000000000000001001
000000000000000000000000000000000000000000000000000000000000011001011101110111010001110111010101010011001001011111010111101111010111000101000000000000000000000000000000000000000000000000000101
000000000000000000000000000000000000000000000000000000000000001101001111110011001001110011001011100001000101100111100011111111100011000011000000000000000000000000000000000000000000000000000011
000000000000000000000000000000000000000000000000000000000000000000110111010111001111100101001111000101110101010011000111010101111001010101100001000000000000000000000000000000000000000000100001
000000000000000000000000000000000000000000000000000000000000000000110011100011101111010011101111000011011011100001101011001011011101001011010001000000000000000000000000000000000000000000010001
000000000000000000000000000000000000000000000000000000000000000000110001111001111111100001111111101001100101010001111101101101001111101101001001000000000000000000000000000000000000000000001001
000000000000000000000000000000000000000000000000000000000000000000011001011101110111010001110111010101010011001001011111010111101111010111000101000000000000000000000000000000000000000000000101
000000000000000000000000000000000000000000000000000000000000000000001101001111110011001001110011001011100001000101100111100011111111100011000011000000000000000000000000000000000000000000000011
000000000000000000000000000000000000000000000000000000000000000000000000110111010111001111100101001111000101110101010011000111010101111001010101100001000000000000000000000000000000000000100001
000000000000000000000000000000000000000000000000000000000000000000000000110011100011101111010011101111000011011011100001101011001011011101001011010001000000000000000000000000000000000000010001
000000000000000000000000000000000000000000000000000000000000000000000000110001111001111111100001111111101001100101010001111101101101001111101101001001000000000000000000000000000000000000001001
000000000000000000000000000000000000000000000000000000000000000000000000011001011101110111010001110111010101010011001001011111010111101111010111000101000000000000000000000000000000000000000101
000000000000000000000000000000000000000000000000000000000000000000000000001101001111110011001001110011001011100001000101100111100011111111100011000011000000000000000000000000000000000000000011
000000000000000000000000000000000000000000000000000000000000000000000000000000110111010111001111100101001111000101110101010011000111010101111001010101100001000000000000000000000000000000100001
000000000000000000000000000000000000000000000000000000000000000000000000000000110011100011101111010011101111000011011011100001101011001011011101001011010001000000000000000000000000000000010001
000000000000000000000000000000000000000000000000000000000000000000000000000000110001111001111111100001111111101001100101010001111101101101001111101101001001000000000000000000000000000000001001
000000000000000000000000000000000000000000000000000000000000000000000000000000011001011101110111010001110111010101010011001001011111010111101111010111000101000000000000000000000000000000000101
000000000000000000000000000000000000000000000000000000000000000000000000000000001101001111110011001001110011001011100001000101100111100011111111100011000011000000000000000000000000000000000011
000000000000000000000000000000000000000000000000000000000000000000000000000000000000110111010111001111100101001111000101110101010011000111010101111001010101100001000000000000000000000000100001
000000000000000000000000000000000000000000000000000000000000000000000000000000000000110011100011101111010011101111000011011011100001101011001011011101001011010001000000000000000000000000010001
000000000000000000000000000000000000000000000000000000000000000000000000000000000000110001111001111111100001111111101001100101010001111101101101001111101101001001000000000000000000000000001001
000000000000000000000000000000000000000000000000000000000000000000000000000000000000011001011101110111010001110111010101010011001001011111010111101111010111000101000000000000000000000000000101
000000000000000000000000000000000000000000000000000000000000000000000000000000000000001101001111110011001001110011001011100001000101100111100011111111100011000011000000000000000000000000000011
000000000000000000000000000000000000000000000000000000000000000000000000000000000000000000110111010111001111100101001111000101110101010011000111010101111001010101100001000000000000000000100001
000000000000000000000000000000000000000000000000000000000000000000000000000000000000000000110011100011101111010011101111000011011011100001101011001011011101001011010001000000000000000000010001
000000000000000000000000000000000000000000000000000000000000000000000000000000000000000000110001111001111111100001111111101001100101010001111101101101001111101101001001000000000000000000001001
000000000000000000000000000000000000000000000000000000000000000000000000000000000000000000011001011101110111010001110111010101010011001001011111010111101111010111000101000000000000000000000101
000000000000000000000000000000000000000000000000000000000000000000000000000000000000000000001101001111110011001001110011001011100001000101100111100011111111100011000011000000000000000000000011
000000000000000000000000000000000000000000000000000000000000000000000000000000000000000000000000110111010111001111100101001111000101110101010011000111010101111001010101100001000000000000100001
000000000000000000000000000000000000000000000000000000000000000000000000000000000000000000000000110011100011101111010011101111000011011011100001101011001011011101001011010001000000000000010001
000000000000000000000000000000000000000000000000000000000000000000000000000000000000000000000000110001111001111111100001111111101001100101010001111101101101001111101101001001000000000000001001
000000000000000000000000000000000000000000000000000000000000000000000000000000000000000000000000011001011101110111010001110111010101010011001001011111010111101111010111000101000000000000000101
000000000000000000000000000000000000000000000000000000000000000000000000000000000000000000000000001101001111110011001001110011001011100001000101100111100011111111100011000011000000000000000011
000000000000000000000000000000000000000000000000000000000000000000000000000000000000000000000000000000110111010111001111100101001111000101110101010011000111010101111001010101100001000000100001
000000000000000000000000000000000000000000000000000000000000000000000000000000000000000000000000000000110011100011101111010011101111000011011011100001101011001011011101001011010001000000010001
000000000000000000000000000000000000000000000000000000000000000000000000000000000000000000000000000000110001111001111111100001111111101001100101010001111101101101001111101101001001000000001001
000000000000000000000000000000000000000000000000000000000000000000000000000000000000000000000000000000011001011101110111010001110111010101010011001001011111010111101111010111000101000000000101
000000000000000000000000000000000000000000000000000000000000000000000000000000000000000000000000000000001101001111110011001001110011001011100001000101100111100011111111100011000011000000000011
000000000000000000000000000000000000000000000000000000000000000000000000000000000000000000000000000000000000110111010111001111100101001111000101110101010011000111010101111001010101100001100001
000000000000000000000000000000000000000000000000000000000000000000000000000000000000000000000000000000000000110011100011101111010011101111000011011011100001101011001011011101001011010001010001
000000000000000000000000000000000000000000000000000000000000000000000000000000000000000000000000000000000000110001111001111111100001111111101001100101010001111101101101001111101101001001001001
000000000000000000000000000000000000000000000000000000000000000000000000000000000000000000000000000000000000011001011101110111010001110111010101010011001001011111010111101111010111000101000101
000000000000000000000000000000000000000000000000000000000000000000000000000000000000000000000000000000000000001101001111110011001001110011001011100001000101100111100011111111100011000011000011
111111111111111111111111111111111111111111111111111111111111111111111111111111111111111111111111111111111111111111111111111111111111111111111111111111111111111111111111111111111111111111111111
