56
64
1000000000000000000000000000000000000000000000000000000000101100
0100000000000000000000000000000000000000000000000000000000010110
0010000000000000000000000000000000000000000000000000000011000011
0001000000000000000000000000000000000000000000000000000001101101
0000100000000000000000000000000000000000000000000000000011000101
0000010000000000000000000000000000000000000000000000000001101110
0000001000000000000000000000000000000000000000000000000000110111
0000000100000000000000000000000000000000000000000000000011011111
0000000010000000000000000000000000000000000000000000000000110100
0000000001000000000000000000000000000000000000000000000011010010
0000000000100000000000000000000000000000000000000000000010100001
0000000000010000000000000000000000000000000000000000000001011100
0000000000001000000000000000000000000000000000000000000010101100
0000000000000100000000000000000000000000000000000000000001010110
0000000000000010000000000000000000000000000000000000000011100011
0000000000000001000000000000000000000000000000000000000001111101
0000000000000000100000000000000000000000000000000000000011101001
0000000000000000010000000000000000000000000000000000000001111000
0000000000000000001000000000000000000000000000000000000011110100
0000000000000000000100000000000000000000000000000000000010110010
0000000000000000000010000000000000000000000000000000000011110001
0000000000000000000001000000000000000000000000000000000010111100
0000000000000000000000100000000000000000000000000000000010010110
0000000000000000000000010000000000000000000000000000000010000011
0000000000000000000000001000000000000000000000000000000010011000
0000000000000000000000000100000000000000000000000000000010000100
0000000000000000000000000010000000000000000000000000000001000010
0000000000000000000000000001000000000000000000000000000000100001
0000000000000000000000000000100000000000000000000000000001000101
0000000000000000000000000000010000000000000000000000000000101110
0000000000000000000000000000001000000000000000000000000000010111
0000000000000000000000000000000100000000000000000000000011001111
0000000000000000000000000000000010000000000000000000000000011000
0000000000000000000000000000000001000000000000000000000011000100
0000000000000000000000000000000000100000000000000000000001100010
0000000000000000000000000000000000010000000000000000000000110001
0000000000000000000000000000000000001000000000000000000001101001
0000000000000000000000000000000000000100000000000000000000111000
0000000000000000000000000000000000000010000000000000000011010100
0000000000000000000000000000000000000001000000000000000010100010
0000000000000000000000000000000000000000100000000000000011011101
0000000000000000000000000000000000000000010000000000000010101010
0000000000000000000000000000000000000000001000000000000001010101
0000000000000000000000000000000000000000000100000000000011101110
0000000000000000000000000000000000000000000010000000000001011101
0000000000000000000000000000000000000000000001000000000011101010
0000000000000000000000000000000000000000000000100000000001110101
0000000000000000000000000000000000000000000000010000000011111110
0000000000000000000000000000000000000000000000001000000001110001
0000000000000000000000000000000000000000000000000100000011111100
0000000000000000000000000000000000000000000000000010000010110110
0000000000000000000000000000000000000000000000000001000010010011
0000000000000000000000000000000000000000000000000000100010110100
0000000000000000000000000000000000000000000000000000010010010010
0000000000000000000000000000000000000000000000000000001010000001
0000000000000000000000000000000000000000000000000000000101001100