60
64
1000000000000000000000000000000000000000000000000000000000001000
0100000000000000000000000000000000000000000000000000000000000100
0010000000000000000000000000000000000000000000000000000000000010
0001000000000000000000000000000000000000000000000000000000000001
0000100000000000000000000000000000000000000000000000000000000100
0000010000000000000000000000000000000000000000000000000000000010
0000001000000000000000000000000000000000000000000000000000000001
0000000100000000000000000000000000000000000000000000000000001100
0000000010000000000000000000000000000000000000000000000000000010
0000000001000000000000000000000000000000000000000000000000000001
0000000000100000000000000000000000000000000000000000000000001100
0000000000010000000000000000000000000000000000000000000000000110
0000000000001000000000000000000000000000000000000000000000000001
0000000000000100000000000000000000000000000000000000000000001100
0000000000000010000000000000000000000000000000000000000000000110
0000000000000001000000000000000000000000000000000000000000000011
0000000000000000100000000000000000000000000000000000000000001100
0000000000000000010000000000000000000000000000000000000000000110
0000000000000000001000000000000000000000000000000000000000000011
0000000000000000000100000000000000000000000000000000000000001101
0000000000000000000010000000000000000000000000000000000000000110
0000000000000000000001000000000000000000000000000000000000000011
0000000000000000000000100000000000000000000000000000000000001101
0000000000000000000000010000000000000000000000000000000000001010
0000000000000000000000001000000000000000000000000000000000000011
0000000000000000000000000100000000000000000000000000000000001101
0000000000000000000000000010000000000000000000000000000000001010
0000000000000000000000000001000000000000000000000000000000000101
0000000000000000000000000000100000000000000000000000000000001101
0000000000000000000000000000010000000000000000000000000000001010
0000000000000000000000000000001000000000000000000000000000000101
0000000000000000000000000000000100000000000000000000000000001110
0000000000000000000000000000000010000000000000000000000000001010
0000000000000000000000000000000001000000000000000000000000000101
0000000000000000000000000000000000100000000000000000000000001110
0000000000000000000000000000000000010000000000000000000000000111
0000000000000000000000000000000000001000000000000000000000000101
0000000000000000000000000000000000000100000000000000000000001110
0000000000000000000000000000000000000010000000000000000000000111
0000000000000000000000000000000000000001000000000000000000001111
0000000000000000000000000000000000000000100000000000000000001110
0000000000000000000000000000000000000000010000000000000000000111
0000000000000000000000000000000000000000001000000000000000001111
0000000000000000000000000000000000000000000100000000000000001011
0000000000000000000000000000000000000000000010000000000000000111
0000000000000000000000000000000000000000000001000000000000001111
0000000000000000000000000000000000000000000000100000000000001011
0000000000000000000000000000000000000000000000010000000000001001
0000000000000000000000000000000000000000000000001000000000001111
0000000000000000000000000000000000000000000000000100000000001011
0000000000000000000000000000000000000000000000000010000000001001
0000000000000000000000000000000000000000000000000001000000001000
0000000000000000000000000000000000000000000000000000100000001011
0000000000000000000000000000000000000000000000000000010000001001
0000000000000000000000000000000000000000000000000000001000001000
0000000000000000000000000000000000000000000000000000000100000100
0000000000000000000000000000000000000000000000000000000010001001
0000000000000000000000000000000000000000000000000000000001001000
0000000000000000000000000000000000000000000000000000000000100100
0000000000000000000000000000000000000000000000000000000000010010