40
64
1000000000000000000000000000000000000000011001101010110010101101
0100000000000000000000000000000000000000001100110101011001011010
0010000000000000000000000000000000000000110111011110001111100101
0001000000000000000000000000000000000000101010100111110101111110
0000100000000000000000000000000000000000101111010010010110000010
0000010000000000000000000000000000000000100110100001111001000001
0000001000000000000000000000000000000000100001011100011100101100
0000000100000000000000000000000000000000010011100110111100010110
0000000010000000000000000000000000000000011011010111111011111100
0000000001000000000000000000000000000000001110101111011110110110
0000000000100000000000000000000000000000110101011011111110010011
0000000000010000000000000000000000000000101011101001101110001101
0000000000001000000000000000000000000000001001001011001110001010
0000000000000100000000000000000000000000000100101001110101000101
0000000000000010000000000000000000000000110000011000101000101110
0000000000000001000000000000000000000000011011000100010100010111
0000000000000000100000000000000000000000011001001110011110011000
0000000000000000010000000000000000000000001100100111111110000100
0000000000000000001000000000000000000000110100011111101101000010
0000000000000000000100000000000000000000101011001011100100100001
0000000000000000000010000000000000000000110010101001111110100111
0000000000000000000001000000000000000000011001011000101101011111
0000000000000000000000100000000000000000001111100100100111101011
0000000000000000000000010000000000000000110101110010100001111001
0000000000000000000000001000000000000000101101111110011010110111
0000000000000000000000000100000000000000100111110111001110011111
0000000000000000000000000010000000000000100010111111110110001011
0000000000000000000000000001000000000000010010011011101001001001
0000000000000000000000000000100000000000000110100100110001011001
0000000000000000000000000000010000000000110001010010011011101000
0000000000000000000000000000001000000000011011100001001101110100
0000000000000000000000000000000100000000001101111100110111110010
0000000000000000000000000000000010000000100110001000111111101100
0000000000000000000000000000000001000000100001000100101101110110
0000000000000000000000000000000000100000010000100010100111110011
0000000000000000000000000000000000010000001000010001100010111101
0000000000000000000000000000000000001000100000011001000111100100
0000000000000000000000000000000000000100010011001000110001110010
0000000000000000000000000000000000000010001001100100011011110001
0000000000000000000000000000000000000001000100110010001110111100