44
64
1000000000000000000000000000000000000000000010010011101010011111
0100000000000000000000000000000000000000000010001101010110001011
0010000000000000000000000000000000000000000001001010111001001001
0001000000000000000000000000000000000000000000100101011100101000
0000100000000000000000000000000000000000000010111111111000011100
0000010000000000000000000000000000000000000010011011011111000110
0000001000000000000000000000000000000000000010001001111101100011
0000000100000000000000000000000000000000000001001000101100111101
0000000010000000000000000000000000000000000000101110100011001110
0000000001000000000000000000000000000000000000010111010001100111
0000000000100000000000000000000000000000000011001111001000111111
0000000000010000000000000000000000000000000001101011000111011011
0000000000001000000000000000000000000000000000011100000110010011
0000000000000100000000000000000000000000000011000110110010001101
0000000000000010000000000000000000000000000001100011011001001010
0000000000000001000000000000000000000000000000111101001100100101
0000000000000000100000000000000000000000000010110111000110101010
0000000000000000010000000000000000000000000010011111110001010101
0000000000000000001000000000000000000000000010001011011011101110
0000000000000000000100000000000000000000000001001001001101110111
0000000000000000000010000000000000000000000011010010001111000011
0000000000000000000001000000000000000000000010100001110101101101
0000000000000000000000100000000000000000000001011100101000111010
0000000000000000000000010000000000000000000011100110010111010101
0000000000000000000000001000000000000000000000010011110100101001
0000000000000000000000000100000000000000000011001101101000011000
0000000000000000000000000010000000000000000001101010010111000100
0000000000000000000000000001000000000000000000110101111001100010
0000000000000000000000000000100000000000000001001011110110010001
0000000000000000000000000000010000000000000000101001101010001100
0000000000000000000000000000001000000000000000011000010101000110
0000000000000000000000000000000100000000000011000100111000100011
0000000000000000000000000000000010000000000010110010011001101011
0000000000000000000000000000000001000000000010010001001100111001
0000000000000000000000000000000000100000000010001100110111011000
0000000000000000000000000000000000010000000001000110101010100100
0000000000000000000000000000000000001000000011001100100110101011
0000000000000000000000000000000000000100000001100110100001011001
0000000000000000000000000000000000000010000000110011010011101000
0000000000000000000000000000000000000001000011011101001001110100
0000000000000000000000000000000000000000100011010101100001001111
0000000000000000000000000000000000000000010010101110010000101011
0000000000000000000000000000000000000000001001010111001000011001
0000000000000000000000000000000000000000000111101111000111001000