28
64
1000010000100001110001100011110110100101111001111111101110011000
0100001000011100011000111101101001011110011111111011100110000100
0010000111000110001111011010010111100111111110111001100001000010
0001110001100011110110100101111001111111101110011000010000100001
1000001011000011101011101111100101000001011011010101011110110000
0100000101101101010101111011100000101100001110101110111110010000
0010110000111010111011111001010000010110110101010111101110000000
0001011011010101011110111000001011000011101011101111100101000000
1000000100110101111110000001001101011111100000010011010111110000
0100110011011110101101001100110111101011010011001101111010110000
0010011010100111100100100110101001111001001001101010011110010000
0001001101011111100000010011010111111000000100110101111110000000
1000110010101111010001100101101100100011111010010001110101110000
0100011001011011001000111110100100011101011110001100101011110000
0010001111101001000111010111100011001010111101000110010110110000
0001110101111000110010101111010001100101101100100011111010010000
1000011011101000011011101000011011101000011011101000011011100000
0100001101110100001101110100001101110100001101110100001101110000
0010110111110010110111110010110111110010110111110010110111110000
0001101010110001101010110001101010110001101010110001101010110000
1000001111110001010110000011111100010101100000111111000101010000
0100110110111100111001001101101111001110010011011011110011100000
0010101010010110011100101010100101100111001010101001011001110000
0001010110000011111100010101100000111111000101011000001111110000
1000110110010011101101101111110001110001111000100101010010100000
0100101010001101100100111011011011111100011100011110001001010000
0010010101001010100011011001001110110110111111000111000111100000
0001111000100101010010101000110110010011101101101111110001110000