52
64
1000000000000000000000000000000000000000000000000000011000111111
0100000000000000000000000000000000000000000000000000001111011011
0010000000000000000000000000000000000000000000000000110110101001
0001000000000000000000000000000000000000000000000000101001011000
0000100000000000000000000000000000000000000000000000011110011010
0000010000000000000000000000000000000000000000000000111110000101
0000001000000000000000000000000000000000000000000000101101001110
0000000100000000000000000000000000000000000000000000100100100111
0000000010000000000000000000000000000000000000000000110000010010
0000000001000000000000000000000000000000000000000000011011000001
0000000000100000000000000000000000000000000000000000001101101100
0000000000010000000000000000000000000000000000000000110100110110
0000000000001000000000000000000000000000000000000000101010011001
0000000000000100000000000000000000000000000000000000010110001000
0000000000000010000000000000000000000000000000000000111001000100
0000000000000001000000000000000000000000000000000000011100100010
0000000000000000100000000000000000000000000000000000110011001111
0000000000000000010000000000000000000000000000000000011001101011
0000000000000000001000000000000000000000000000000000001100111001
0000000000000000000100000000000000000000000000000000110111011000
0000000000000000000010000000000000000000000000000000010100101111
0000000000000000000001000000000000000000000000000000111000011011
0000000000000000000000100000000000000000000000000000011111001001
0000000000000000000000010000000000000000000000000000111101101000
0000000000000000000000001000000000000000000000000000110111110010
0000000000000000000000000100000000000000000000000000101010110001
0000000000000000000000000010000000000000000000000000010110011100
0000000000000000000000000001000000000000000000000000111010000110
0000000000000000000000000000100000000000000000000000001011000100
0000000000000000000000000000010000000000000000000000000101100010
0000000000000000000000000000001000000000000000000000110000110001
0000000000000000000000000000000100000000000000000000011011011100
0000000000000000000000000000000010000000000000000000010111000110
0000000000000000000000000000000001000000000000000000111001100011
0000000000000000000000000000000000100000000000000000011100111101
0000000000000000000000000000000000010000000000000000111111011010
0000000000000000000000000000000000001000000000000000010110110111
0000000000000000000000000000000000000100000000000000111010011111
0000000000000000000000000000000000000010000000000000011110001011
0000000000000000000000000000000000000001000000000000111101001001
0000000000000000000000000000000000000000100000000000000110010001
0000000000000000000000000000000000000000010000000000110010001100
0000000000000000000000000000000000000000001000000000011001000110
0000000000000000000000000000000000000000000100000000001100100011
0000000000000000000000000000000000000000000010000000110001111011
0000000000000000000000000000000000000000000001000000011011111001
0000000000000000000000000000000000000000000000100000001110111000
0000000000000000000000000000000000000000000000010000110110010100
0000000000000000000000000000000000000000000000001000010011100011
0000000000000000000000000000000000000000000000000100001001111101
0000000000000000000000000000000000000000000000000010000111111010
0000000000000000000000000000000000000000000000000001110010110101