32
64
1000000000000000000000000000000001100010100001101000100011011001
0100000000000000000000000000000000110001010000110100010010101000
0010000000000000000000000000000011011100001011010010001001010100
0001000000000000000000000000000010100110000110100001000111100010
0000100000000000000000000000000011110011111101111011010100011011
0000010000000000000000000000000010111101101111111001111011001001
0000001000000000000000000000000010011010100110111000011101101000
0000000100000000000000000000000010000101100010010100111100110100
0000000010000000000000000000000010101001001001010110101010111011
0000000001000000000000000000000001011000000111100011010110011001
0000000000100000000000000000000011100100110001111101111010001000
0000000000010000000000000000000001110010011011111010011101000100
0000000000001000000000000000000000010010001000111110110111000110
0000000000000100000000000000000011000001000111010111101001100011
0000000000000010000000000000000001101100110010101111010100111101
0000000000000001000000000000000000110110011001011011111011011010
0000000000000000100000000000000001010010111001111111001010100010
0000000000000000010000000000000011100001011111111011000101010001
0000000000000000001000000000000001111100111110111001110011101100
0000000000000000000100000000000011110110101110011000011001110110
0000000000000000000010000000000010111011100001011101010110101100
0000000000000000000001000000000010011001010011101010111001010110
0000000000000000000000100000000010001000001001110101011111100011
0000000000000000000000010000000001000100000111111110111101111101
0000000000000000000000001000000010110101000100111111011111011011
0000000000000000000000000100000010011110110011011011111110101001
0000000000000000000000000010000010000111011010101001101101011000
0000000000000000000000000001000001001111001101011000100111100100
0000000000000000000000000000100011111110100011101110001011101010
0000000000000000000000000000010010110111010001110111000101110101
0000000000000000000000000000001010011111001011111111110011111110
0000000000000000000000000000000110001011000110111011011010110111