95
160
1000000000000000000000000000000000000000000000000000000000000000000000000000000000000000000000001101001101010111001001111010101011001011011100010011110010101011
0100000000000000000000000000000000000000000000000000000000000000000000000000000000000000000000010010000111111011000101111111010001101101111100001100111011010001
0010000000000000000000000000000000000000000000000000000000000000000000000000000000000000000000001001101010111101100111110111111100010111101110100111010101111100
0001000000000000000000000000000000000000000000000000000000000000000000000000000000000000000000010000111101001100110110111001101110100011100101010110101000101110
0000100000000000000000000000000000000000000000000000000000000000000000000000000000000000000000001000011111110100011110011110100111111001100000101011011110000111
0000010000000000000000000000000000000000000000000000000000000000000000000000000000000000000000000001101111010011010111111010101110111000011000110100101100001010
0000001000000000000000000000000000000000000000000000000000000000000000000000000000000000000000010100111110101001101110111111000111011100001100011010010110000101
0000000100000000000000000000000000000000000000000000000000000000000000000000000000000000000000001010110110010110010110010111110111001111010110101100000011010110
0000000010000000000000000000000000000000000000000000000000000000000000000000000000000000000000000101110011011001001110001001111111101111111011110010000001101011
0000000001000000000000000000000000000000000000000000000000000000000000000000000000000000000000010110110000101110000011001110111011111110111101111001001010110001
0000000000100000000000000000000000000000000000000000000000000000000000000000000000000000000000011111001001110010101010101010001111111011010000101110100000111111
0000000000010000000000000000000000000000000000000000000000000000000000000000000000000000000000011011000100111011110001010101010011110100101010110011011010011011
0000000000001000000000000000000000000000000000000000000000000000000000000000000000000000000000011001000010011101111101100010111101011010010101011100100101011001
0000000000000100000000000000000000000000000000000000000000000000000000000000000000000000000000011000101001011110011010111011011010100101011010001010010010111000
0000000000000010000000000000000000000000000000000000000000000000000000000000000000000000000000001100010101111111101100010101101101010010101111100100001011001100
0000000000000001000000000000000000000000000000000000000000000000000000000000000000000000000000001000100001100111111011001011110011100110010110001010000011011100
0000000000000000100000000000000000000000000000000000000000000000000000000000000000000000000000000100010001100011011001101111111101111011011011100001000001101110
0000000000000000010000000000000000000000000000000000000000000000000000000000000000000000000000000010001000110011001000111101111010110100101101110000101010100111
0000000000000000001000000000000000000000000000000000000000000000000000000000000000000000000000000001000100011011000101011100101101011011000100111000011111010111
0000000000000000000100000000000000000000000000000000000000000000000000000000000000000000000000010100000010001101100111101100010010100101110010111101000111111111
0000000000000000000010000000000000000000000000000000000000000000000000000000000000000000000000011001000110110010011110111000000101010011000111011101101001011100
0000000000000000000001000000000000000000000000000000000000000000000000000000000000000000000000011000101010011011101110010100010110100001110011001010110100101110
0000000000000000000000100000000000000000000000000000000000000000000000000000000000000000000000001100111100001111010110000010001011010000111011000100011000000111
0000000000000000000000010000000000000000000000000000000000000000000000000000000000000000000000000110011111010101101011000001010001001000011101100111000100010111
0000000000000000000000001000000000000000000000000000000000000000000000000000000000000000000000000011100111111010010001100000111100000101011100110011100010011111
0000000000000000000000000100000000000000000000000000000000000000000000000000000000000000000000011101000010010110011011111110110101100010011111001011100001001011
0000000000000000000000000010000000000000000000000000000000000000000000000000000000000000000000011010101001011011101100111101011110111001011111000001110000110001
0000000000000000000000000001000000000000000000000000000000000000000000000000000000000000000000001101010100101111010111010110101111011101111101100101111010011100
0000000000000000000000000000100000000000000000000000000000000000000000000000000000000000000000010010001011000101101110101001010011001111101100110111110101001110
0000000000000000000000000000010000000000000000000000000000000000000000000000000000000000000000001001101101110010010011010100111101101111100100011110110010100111
0000000000000000000000000000001000000000000000000000000000000000000000000000000000000000000000010000000111001000011010001110010011001000100001101000111111111111
0000000000000000000000000000000100000000000000000000000000000000000000000000000000000000000000001000101010100110101001000111011101000100010010010101011101111011
0000000000000000000000000000000010000000000000000000000000000000000000000000000000000000000000000100111101000011110000100011111010000010001001001111101100111001
0000000000000000000000000000000001000000000000000000000000000000000000000000000000000000000000000010011110100001111000011011101101101000000110000011111100011000
0000000000000000000000000000000000100000000000000000000000000000000000000000000000000000000000000001100110010010011101001111110010010101010001000100110110001100
0000000000000000000000000000000000010000000000000000000000000000000000000000000000000000000000001110100010100111010011100001010011001101011010000110111011010100
0000000000000000000000000000000000001000000000000000000000000000000000000000000000000000000000000111111001000001101001110000111101000110101101000110010101101010
0000000000000000000000000000000000000100000000000000000000000000000000000000000000000000000000010111011100100010010101111010011010101011000100100110001000100101
0000000000000000000000000000000000000010000000000000000000000000000000000000000000000000000000011111001110010001001111110101001101111101110000010011001110010110
0000000000000000000000000000000000000001000000000000000000000000000000000000000000000000000000011011101110001010000110110010110010011110111000001001100111001011
0000000000000000000000000000000000000000100000000000000000000000000000000000000000000000000000010100000111100011010110010011111011011001001101010110000010010011
0000000000000000000000000000000000000000010000000000000000000000000000000000000000000000000000001010101010110001101110001011111001001101110100101011000001011101
0000000000000000000000000000000000000000001000000000000000000000000000000000000000000000000000000101111100011010010011001111111000000111101010110001100000111010
0000000000000000000000000000000000000000000100000000000000000000000000000000000000000000000000010110011110001101001001101101101100101010110101011000111010001101
0000000000000000000000000000000000000000000010000000000000000000000000000000000000000000000000001011100111010110000000111100100110111101001010001101010101010010
0000000000000000000000000000000000000000000001000000000000000000000000000000000000000000000000001001000010110010100001011011011011100001011100111101111001100001
0000000000000000000000000000000000000000000000100000000000000000000000000000000000000000000000010000101000011001010101100101111001010001111110111111111110110100
0000000000000000000000000000000000000000000000010000000000000000000000000000000000000000000000001000010100001100101010111000111000001001101111111110111101001010
0000000000000000000000000000000000000000000000001000000000000000000000000000000000000000000000000100001011010110110100011110001100000101100111011110010110100101
0000000000000000000000000000000000000000000000000100000000000000000000000000000000000000000000000010101101111001011111000111000110000011100011001110001001010110
0000000000000000000000000000000000000000000000000010000000000000000000000000000000000000000000010101111101101010000100011111010100100110011011010111111111110110
0000000000000000000000000000000000000000000000000001000000000000000000000000000000000000000000011110011110110101000111000111101010111010001101101110111101101011
0000000000000000000000000000000000000000000000000000100000000000000000000000000000000000000000001111100111001000100011101001100101110101010110010110011100110001
0000000000000000000000000000000000000000000000000000010000000000000000000000000000000000000000010011111010100100010001111110110110011011111001001110001100011100
0000000000000000000000000000000000000000000000000000001000000000000000000000000000000000000000011101110101000000001101111101001011100100111110000011000110001110
0000000000000000000000000000000000000000000000000000000100000000000000000000000000000000000000001110101001010010010111011101110001000010000111110011000101000100
0000000000000000000000000000000000000000000000000000000010000000000000000000000000000000000000000111010100101001001110101100111100101001010001111001100010100010
0000000000000000000000000000000000000000000000000000000001000000000000000000000000000000000000010111001010010110000011011100001110010100101010011000111011000001
0000000000000000000000000000000000000000000000000000000000100000000000000000000000000000000000011111101101011001000100100110000111001010010111101101010101110100
0000000000000000000000000000000000000000000000000000000000010000000000000000000000000000000000011011010110101100100010010011010111101101011011010111101000101010
0000000000000000000000000000000000000000000000000000000000001000000000000000000000000000000000000010100111100101010111101000000100101100011101010101110101111101
0000000000000000000000000000000000000000000000000000000000000100000000000000000000000000000000000001111011100000101011110100000010010111011100101111111000111010
0000000000000000000000000000000000000000000000000000000000000010000000000000000000000000000000010100110100110010110100110010000001100011111110110110111110001101
0000000000000000000000000000000000000000000000000000000000000001000000000000000000000000000000001010011010011001011111010001010100111001101101011110010111010010
0000000000000000000000000000000000000000000000000000000000000000100000000000000000000000000000000101100100001110001110100000101010011101100110001110000011101001
0000000000000000000000000000000000000000000000000000000000000000010000000000000000000000000000001010100000001100100111110111001000111110100001001011100110000010
0000000000000000000000000000000000000000000000000000000000000000001000000000000000000000000000000101010001010100010110110011100100110110010010000001110011000001
0000000000000000000000000000000000000000000000000000000000000000000100000000000000000000000000010110001001111000001110011011100010110010001001000101110001110100
0000000000000000000000000000000000000000000000000000000000000000000010000000000000000000000000001011000100111110100110001111100001110000000100100111111010101010
0000000000000000000000000000000000000000000000000000000000000000000001000000000000000000000000010001000011001101010011001101110100011001010000010110111111000101
0000000000000000000000000000000000000000000000000000000000000000000000100000000000000000000000011011111000000110111011000111000011101011101111101001111001101100
0000000000000000000000000000000000000000000000000000000000000000000000010000000000000000000000011001011101010011111001100011110101111101100111010101111110100110
0000000000000000000000000000000000000000000000000000000000000000000000001000000000000000000000011000001110101011011000111011111110011111100001101111111101000011
0000000000000000000000000000000000000000000000000000000000000000000000000100000000000000000000001100101110010111001101011111101111100110110010010110110110110101
0000000000000000000000000000000000000000000000000000000000000000000000000010000000000000000000000110111111011011000111101101110011111010011001001110011001011110
0000000000000000000000000000000000000000000000000000000000000000000000000001000000000000000000010101011000011111101100101011101100010110001110110001010111100100
0000000000000000000000000000000000000000000000000000000000000000000000000000100000000000000000011110001101011111010010011111100110100011010101011101101001100010
0000000000000000000000000000000000000000000000000000000000000000000000000000010000000000000000001111000111111101101100001101100011111001111010001010111110100001
0000000000000000000000000000000000000000000000000000000000000000000000000000001000000000000000010011101011101110010010001100110101011100111111100100011101010100
0000000000000000000000000000000000000000000000000000000000000000000000000000000100000000000000011101111101100101001001001100011110001111001101110111000110101010
0000000000000000000000000000000000000000000000000000000000000000000000000000000010000000000000000011100101001110110101110110110011111000111011001011111010100110
0000000000000000000000000000000000000000000000000000000000000000000000000000000001000000000000010101010011110101011111111001011101011100011111000100111111000011
0000000000000000000000000000000000000000000000000000000000000000000000000000000000100000000000011110100001101010001110110100111010001111011101100111010111110101
0000000000000000000000000000000000000000000000000000000000000000000000000000000000010000000000001111010000110111100110011000001101101111111100110110101001111110
0000000000000000000000000000000000000000000000000000000000000000000000000000000000001000000000010011001001001001110110000100010010111111101100011011011110101111
0000000000000000000000000000000000000000000000000000000000000000000000000000000000000100000000001100111111010100101101111000011101000010100011101001101110110011
0000000000000000000000000000000000000000000000000000000000000000000000000000000000000010000000000110110111111010110111110100011010101000010011010000111101011101
0000000000000000000000000000000000000000000000000000000000000000000000000000000000000001000000000011110010111101011110110010001101010100001001101101010110111010
0000000000000000000000000000000000000000000000000000000000000000000000000000000000000000100000010101110001001110001110010001010010001010000110010111101001001101
0000000000000000000000000000000000000000000000000000000000000000000000000000000000000000010000011110011001110111100110000000101001101101010001001011110100110010
0000000000000000000000000000000000000000000000000000000000000000000000000000000000000000001000011110100110011011011100110111010001110010101011010100010001011100
0000000000000000000000000000000000000000000000000000000000000000000000000000000000000000000100001111111010001111001111010011111100110000010101101111000000101110
0000000000000000000000000000000000000000000000000000000000000000000000000000000000000000000010010011110101010111000110101011101110011001011010010011101010000111
0000000000000000000000000000000000000000000000000000000000000000000000000000000000000000000001011101011011111001100011011111100111001100101101001001110101010111
0000000000000000000000000000000000000000000000000000000000000000000000000000000000000000000000111010100100111100110100101101110111000111000110000101110010111111