28
64
1111101001110100010100111101011100101000000000000000000000000000
1011010111110010111011011010111100010100000000000000000000000000
1001111010110001011110100101101111000010000000000000000000000000
1000011110011100111101011110100101100001000000000000000000000000
1001000100010110001111110110011010110000100000000000000000000000
1000110011000011110110110011001110010000010000000000000000000000
0100011001101101101010011101110110000000001000000000000000000000
0010001100111010010110001010101001000000000100000000000000000000
1110101001001000101111111001001111100000000010000000000000000000
0111010100100100100110111000110101110000000001000000000000000000
1111111000010010100010010100101011110000000000100000000000000000
1011011111000001010010000010010110110000000000010000000000000000
1101111110010011010011111101101011000000000000001000000000000000
1010101110001101001010111010010101100000000000000100000000000000
0101100101001010000110010101111000110000000000000010000000000000
1110100000100101110010001110011111010000000000000001000000000000
0100001001111111100010101000010110010000000000000000100000000000
0010000111111011010001010100111010000000000000000000010000000000
0001110010111001001011100010011101000000000000000000001000000000
1100011010011000000101110001111100100000000000000000000100000000
0111100111001111010111101001011000010000000000000000000010000000
1111100001101011111001111000001111000000000000000000000001000000
1011010000111001011111110100110101100000000000000000000000100000
1001001011011000111110110010101000110000000000000000000000010000
0110011100111000011010101101011011010000000000000000000000001000
0011111111010100001101011010001110100000000000000000000000000100
1101101110100010110111100101110101010000000000000000000000000010
1010100101010001101001111110101011100000000000000000000000000001