36
64
1000000000000000000000000000000000001111100111101101010001110110
0100000000000000000000000000000000001011100001111010001011110011
0010000000000000000000000000000000001001010011110101000110111101
0001000000000000000000000000000000001000001010111110110010011010
0000100000000000000000000000000000001010000110101111001010010111
0000010000000000000000000000000000000101110001011011000110001111
0000001000000000000000000000000000001110011011101001110001001011
0000000100000000000000000000000000000111001101111000011000101001
0000000010000000000000000000000000000111000101001001011111000011
0000000001000000000000000000000000001111110000101000111101101101
0000000000100000000000000000000000001011011000010100101100111010
0000000000010000000000000000000000001001001111000010100111010101
0000000000001000000000000000000000000100011010000011111111111000
0000000000000100000000000000000000000010001101001101101110110100
0000000000000010000000000000000000000001110100101010100110010010
0000000000000001000000000000000000001100101000010101100010000001
0000000000000000100000000000000000000101001110110100100001010110
0000000000000000010000000000000000001110110110010010010011100011
0000000000000000001000000000000000000111101010000001001001111101
0000000000000000000100000000000000001111010101001100000111111010
0000000000000000000010000000000000000011111111111111101011101010
0000000000000000000001000000000000001101101110111011010101110101
0000000000000000000000100000000000001010100110011001111011111110
0000000000000000000000010000000000000101100010001000011110110111
0000000000000000000000001000000000001101011010011101100010011101
0000000000000000000000000100000000001010001110001010010010001010
0000000000000000000000000010000000000101110101000101001001000101
0000000000000000000000000001000000001110101000101110000100101110
0000000000000000000000000000100000000111011000111010010101100110
0000000000000000000000000000010000001111001111010101111000110011
0000000000000000000000000000001000001011110110101110011111011101
0000000000000000000000000000000100001001101001010111111110101010
0000000000000000000000000000000010000010101111101100100100011101
0000000000000000000000000000000001000001100101110110100011001010
0000000000000000000000000000000000101100100011110011010001100101
0000000000000000000000000000000000010110010010111101001000111110

