0
-----------
0
-----------
0
-----------
0
-----------
0
-----------
0
-----------
0
-----------
0
-----------
0
-----------
0
-----------
0
-----------
0
-----------
0
-----------
0
-----------
0
-----------
0
-----------
0
-----------
0
-----------
0
-----------
0
-----------
0
-----------
0
-----------
0
-----------
0
-----------
0
-----------
0
-----------
0
-----------
0
-----------
0
-----------
0
-----------
0
-----------
0
-----------
0
-----------
0
-----------
0
-----------
0
-----------
0
-----------
0
-----------
0
-----------
0
-----------
0
-----------
0
-----------
0
-----------
0
-----------
0
-----------
0
-----------
0
-----------
172093
172355
172161
173282
172753
172085
172801
172564
172757
172606
172523
172756
172633
171941
172191
172263
173247
172295
172920
173221
172503
172444
172164
171629
172403
172456
172541
172409
172216
171989
172255
172226
173302
172243
172645
172930
0
0
0
0
3.5e+07
1.84467e+19
1.84467e+19
1.21e+08
0
1.8e+07
0
1.84467e+19
7.38e+07
9.09e+07
8.73e+07
9.72e+07
7.56e+07
9.45e+07
9.81e+07
9.09e+07
8.55e+07
6.12e+07
9.09e+07
8.91e+07
9.99e+07
9e+07
9.45e+07
9.9e+07
9.27e+07
8.55e+07
7.47e+07
1.044e+08
8.73e+07
1.044e+08
9.45e+07
1.035e+08
1.044e+08
9.45e+07
8.91e+07
4.14e+07
1.044e+08
1.08e+08
1.044e+08
0
0
1e+06
0
0
0
0
0
0
4.6e+07
1.84467e+19
1.84467e+19
1.21e+08
0
1.9e+07
0
1.84467e+19
2.8e+07
0
0
0
0
0
1e+06
0
1.84467e+19
1.03e+08
1.84467e+19
9.8e+07
3.8e+07
2e+06
0
0
0
0
0
0
0
0
0
0
0
0
0
0
0
0
0
0
158359
158971
158759
158490
158685
158740
158917
158062
158970
158150
158738
158867
158338
158852
158337
158857
158770
158974
158918
158425
158915
158261
158527
158114
158658
159152
158536
158762
159075
158698
159240
158527
158486
158681
158817
158833
0
0
0
0
3.5e+07
1.84467e+19
1.84467e+19
1.21e+08
0
1.8e+07
0
1.84467e+19
8.05e+07
1.02e+08
9.82e+07
1.084e+08
8.64e+07
1.046e+08
1.097e+08
1.01e+08
9.5e+07
6.8e+07
1.01e+08
9.9e+07
1.11e+08
1e+08
1.05e+08
1.1e+08
1.03e+08
9.5e+07
8.3e+07
1.16e+08
9.7e+07
1.16e+08
1.05e+08
1.15e+08
1.16e+08
1.05e+08
9.9e+07
4.6e+07
1.16e+08
1.2e+08
1.16e+08
0
0
1e+06
0
0
0
0
0
0
4.6e+07
1.84467e+19
1.84467e+19
1.21e+08
0
1.9e+07
0
1.84467e+19
2.8e+07
0
0
0
0
0
1e+06
0
1.84467e+19
1.03e+08
1.84467e+19
9.8e+07
3.8e+07
2e+06
0
0
0
0
0
0
0
0
0
0
0
0
0
0
0
0
0
0
144370
145303
145190
144651
144690
144860
144363
144778
145270
144097
144987
145287
144739
144185
144099
144962
144262
144501
144466
144981
144729
144415
145316
144500
145412
144218
145032
144523
144947
144296
145223
145195
144813
144293
144900
144692
0
0
0
0
3.5e+07
1.84467e+19
1.84467e+19
1.21e+08
0
1.8e+07
0
1.84467e+19
8.2e+07
9.09e+07
9.56e+07
9.72e+07
8.39e+07
9.45e+07
1.076e+08
9.09e+07
9.23e+07
6.12e+07
1.006e+08
8.91e+07
1.115e+08
9e+07
1.042e+08
9.9e+07
9.73e+07
8.55e+07
8.63e+07
1.044e+08
9.93e+07
1.044e+08
1.061e+08
1.035e+08
1.044e+08
9.45e+07
9.9e+07
4.6e+07
1.16e+08
1.2e+08
1.16e+08
0
0
1e+06
0
0
0
0
0
0
4.6e+07
1.84467e+19
1.84467e+19
1.21e+08
0
1.9e+07
0
1.84467e+19
2.8e+07
0
0
0
0
0
1e+06
0
1.84467e+19
1.03e+08
1.84467e+19
9.8e+07
3.8e+07
2e+06
0
0
0
0
0
0
0
0
0
0
0
0
0
0
0
0
0
0
130878
130924
130525
130209
131206
131098
130467
130816
130989
130984
131069
131276
131443
130402
130780
131088
130899
130820
131218
131345
130851
131088
130624
130407
130282
131037
130995
130853
131504
130921
130711
130905
130789
131115
130643
130612
0
0
0
0
3.5e+07
1.84467e+19
1.84467e+19
1.21e+08
0
1.8e+07
0
1.84467e+19
8.05e+07
1.02e+08
9.82e+07
1.084e+08
8.64e+07
1.046e+08
1.097e+08
1.01e+08
9.5e+07
6.8e+07
1.01e+08
9.9e+07
1.11e+08
1e+08
1.05e+08
1.1e+08
1.03e+08
9.5e+07
8.3e+07
1.16e+08
9.7e+07
1.16e+08
1.05e+08
1.15e+08
1.16e+08
1.05e+08
9.9e+07
4.6e+07
1.16e+08
1.2e+08
1.16e+08
0
0
1e+06
0
0
0
0
0
0
4.6e+07
1.84467e+19
1.84467e+19
1.21e+08
0
1.9e+07
0
1.84467e+19
2.8e+07
0
0
0
0
0
1e+06
0
1.84467e+19
1.03e+08
1.84467e+19
9.8e+07
3.8e+07
2e+06
0
0
0
0
0
0
0
0
0
0
0
0
0
0
0
0
0
0
117084
117658
117154
117806
117406
117286
116804
117415
117325
117076
117032
117295
117262
117263
116850
117179
117239
117268
117466
117622
117631
117811
117510
116985
116847
117454
117235
117352
116962
116956
117735
116830
117109
117113
117068
117557
0
0
0
0
3.5e+07
1.84467e+19
1.84467e+19
1.21e+08
0
1.8e+07
0
1.84467e+19
8.2e+07
9.09e+07
9.56e+07
9.72e+07
8.39e+07
9.45e+07
1.076e+08
9.09e+07
9.23e+07
6.12e+07
1.006e+08
8.91e+07
1.115e+08
9e+07
1.042e+08
9.9e+07
9.73e+07
8.55e+07
8.63e+07
1.044e+08
9.93e+07
1.044e+08
1.061e+08
1.035e+08
1.044e+08
9.45e+07
9.9e+07
4.6e+07
1.16e+08
1.2e+08
1.16e+08
0
0
1e+06
0
0
0
0
0
0
4.6e+07
1.84467e+19
1.84467e+19
1.21e+08
0
1.9e+07
0
1.84467e+19
2.8e+07
0
0
0
0
0
1e+06
0
1.84467e+19
1.03e+08
1.84467e+19
9.8e+07
3.8e+07
2e+06
0
0
0
0
0
0
0
0
0
0
0
0
0
0
0
0
0
0
2
-----------
173099
172139
172477
172134
172135
172682
172564
172720
171956
172162
172440
172099
173141
172694
172360
172944
172232
172655
172116
172417
172898
172186
172681
172224
172296
172238
172543
172238
172561
172856
172592
172794
172500
172190
172695
173114
0
1e+06
1e+06
1e+06
1.84467e+19
4.3e+07
8.6e+07
1.06e+08
1e+06
2.7e+07
0
1.84467e+19
0
1e+08
1.84467e+19
9.8e+07
1.84467e+19
1e+06
0
0
6.4e+07
5.4e+07
1.84467e+19
9.8e+07
1.84467e+19
1e+06
0
0
6.4e+07
1.84467e+19
1.84467e+19
9.8e+07
1.84467e+19
1e+06
0
0
1.84467e+19
5.5e+07
1.84467e+19
9.8e+07
1.84467e+19
1e+06
0
0
0
0
0
0
0
0
0
0
1.84467e+19
4.3e+07
9.1e+07
1.06e+08
0
2.8e+07
0
1.84467e+19
6.6e+07
1.01e+08
1.15e+08
1.16e+08
9.5e+07
7.1e+07
1.11e+08
9.7e+07
1.08e+08
9.5e+07
7.9e+07
8.3e+07
6.7e+07
9.5e+07
8.3e+07
1.16e+08
9.7e+07
1.16e+08
1.05e+08
1.15e+08
1.16e+08
1.05e+08
9.9e+07
4.6e+07
1.16e+08
1.2e+08
1.16e+08
0
0
0
0
0
-----------
2.5
-----------
158948
158816
158375
157947
158251
158827
158225
159061
158159
158744
158670
158484
158313
159364
158874
159061
158577
158684
159057
158660
158103
159160
158358
158610
158737
158358
158493
159013
159346
157875
158878
158859
158937
158296
158516
159046
0
1e+06
1e+06
1e+06
1.84467e+19
4.3e+07
8.6e+07
1.06e+08
1e+06
2.7e+07
0
1.84467e+19
0
1e+08
1.84467e+19
9.8e+07
1.84467e+19
1e+06
0
0
6.4e+07
5.4e+07
1.84467e+19
9.8e+07
1.84467e+19
1e+06
0
0
6.4e+07
1.84467e+19
1.84467e+19
9.8e+07
1.84467e+19
1e+06
0
0
1.84467e+19
5.5e+07
1.84467e+19
9.8e+07
1.84467e+19
1e+06
0
0
0
0
0
0
0
0
0
0
1.84467e+19
4.3e+07
9.1e+07
1.06e+08
0
2.8e+07
0
1.84467e+19
6.6e+07
1.01e+08
1.15e+08
1.16e+08
9.5e+07
7.1e+07
1.11e+08
9.7e+07
1.08e+08
9.5e+07
7.9e+07
8.3e+07
6.7e+07
9.5e+07
8.3e+07
1.16e+08
9.7e+07
1.16e+08
1.05e+08
1.15e+08
1.16e+08
1.05e+08
9.9e+07
4.6e+07
1.16e+08
1.2e+08
1.16e+08
0
0
0
0
0
-----------
3
-----------
144723
145624
144565
144555
144750
144769
144021
144360
143945
144996
144808
144275
145170
145540
145026
144858
144734
144377
144784
145097
144623
145278
144500
144646
144307
145049
144420
144353
144936
144849
144569
145013
144140
145150
144997
144495
0
1e+06
1e+06
1e+06
1.84467e+19
4.3e+07
8.6e+07
1.06e+08
1e+06
2.7e+07
0
1.84467e+19
0
1e+08
1.84467e+19
9.8e+07
1.84467e+19
1e+06
0
0
6.4e+07
5.4e+07
1.84467e+19
9.8e+07
1.84467e+19
1e+06
0
0
6.4e+07
1.84467e+19
1.84467e+19
9.8e+07
1.84467e+19
1e+06
0
0
1.84467e+19
5.5e+07
1.84467e+19
9.8e+07
1.84467e+19
1e+06
0
0
0
0
0
0
0
0
0
0
1.84467e+19
4.3e+07
9.1e+07
1.06e+08
0
2.8e+07
0
1.84467e+19
6.6e+07
1.01e+08
1.15e+08
1.16e+08
9.5e+07
7.1e+07
1.11e+08
9.7e+07
1.08e+08
9.5e+07
7.9e+07
8.3e+07
6.7e+07
9.5e+07
8.3e+07
1.16e+08
9.7e+07
1.16e+08
1.05e+08
1.15e+08
1.16e+08
1.05e+08
9.9e+07
4.6e+07
1.16e+08
1.2e+08
1.16e+08
0
0
0
0
0
-----------
